943
-1.853553390593273731e+00 -5.535533905932736864e-01
-1.846338015275043709e+00 -5.463380152750436647e-01
-1.839122639956813687e+00 -5.391226399568135319e-01
-1.831907264638583444e+00 -5.319072646385835101e-01
-1.824691889320353422e+00 -5.246918893203533774e-01
-1.817476514002123400e+00 -5.174765140021233556e-01
-1.810261138683893378e+00 -5.102611386838932228e-01
-1.803045763365663134e+00 -5.030457633656632010e-01
-1.795830388047433113e+00 -4.958303880474330683e-01
-1.788615012729203091e+00 -4.886150127292029910e-01
-1.781399637410973069e+00 -4.813996374109729137e-01
-1.774184262092742825e+00 -4.741842620927428364e-01
-1.766968886774512804e+00 -4.669688867745127592e-01
-1.759753511456282782e+00 -4.597535114562826819e-01
-1.752538136138052760e+00 -4.525381361380526046e-01
-1.745322760819822516e+00 -4.453227608198225274e-01
-1.738107385501592494e+00 -4.381073855015924501e-01
-1.730892010183362473e+00 -4.308920101833623728e-01
-1.723676634865132451e+00 -4.236766348651322955e-01
-1.716461259546902207e+00 -4.164612595469022738e-01
-1.709245884228672185e+00 -4.092458842286721410e-01
-1.702030508910442164e+00 -4.020305089104421192e-01
-1.694815133592212142e+00 -3.948151335922119864e-01
-1.687599758273981898e+00 -3.875997582739819647e-01
-1.680384382955751876e+00 -3.803843829557518319e-01
-1.673169007637521855e+00 -3.731690076375218101e-01
-1.665953632319291833e+00 -3.659536323192916774e-01
-1.658738257001061589e+00 -3.587382570010616556e-01
-1.651522881682831567e+00 -3.515228816828315228e-01
-1.644307506364601545e+00 -3.443075063646015010e-01
-1.637092131046371524e+00 -3.370921310463713683e-01
-1.629876755728141280e+00 -3.298767557281413465e-01
-1.622661380409911258e+00 -3.226613804099112137e-01
-1.615446005091681236e+00 -3.154460050916811920e-01
-1.608230629773451215e+00 -3.082306297734510592e-01
-1.601015254455221193e+00 -3.010152544552210374e-01
-1.593799879136990949e+00 -2.937998791369909601e-01
-1.586584503818760927e+00 -2.865845038187608829e-01
-1.579369128500530906e+00 -2.793691285005308056e-01
-1.572153753182300662e+00 -2.721537531823007283e-01
-1.564938377864070640e+00 -2.649383778640706510e-01
-1.557723002545840618e+00 -2.577230025458405738e-01
-1.550507627227610596e+00 -2.505076272276104965e-01
-1.543292251909380575e+00 -2.432922519093804192e-01
-1.536076876591150331e+00 -2.360768765911503420e-01
-1.528861501272920309e+00 -2.288615012729202647e-01
-1.521646125954690287e+00 -2.216461259546901874e-01
-1.514430750636460044e+00 -2.144307506364601101e-01
-1.507215375318230022e+00 -2.072153753182300329e-01
-1.500000000000000000e+00 -2.000000000000000111e-01
-1.479591836734693855e+00 -2.000000000000000111e-01
-1.459183673469387710e+00 -2.000000000000000111e-01
-1.438775510204081565e+00 -2.000000000000000111e-01
-1.418367346938775420e+00 -2.000000000000000111e-01
-1.397959183673469497e+00 -2.000000000000000111e-01
-1.377551020408163351e+00 -2.000000000000000111e-01
-1.357142857142857206e+00 -2.000000000000000111e-01
-1.336734693877551061e+00 -2.000000000000000111e-01
-1.316326530612244916e+00 -2.000000000000000111e-01
-1.295918367346938771e+00 -2.000000000000000111e-01
-1.275510204081632626e+00 -2.000000000000000111e-01
-1.255102040816326481e+00 -2.000000000000000111e-01
-1.234693877551020336e+00 -2.000000000000000111e-01
-1.214285714285714413e+00 -2.000000000000000111e-01
-1.193877551020408267e+00 -2.000000000000000111e-01
-1.173469387755102122e+00 -2.000000000000000111e-01
-1.153061224489795977e+00 -2.000000000000000111e-01
-1.132653061224489832e+00 -2.000000000000000111e-01
-1.112244897959183687e+00 -2.000000000000000111e-01
-1.091836734693877542e+00 -2.000000000000000111e-01
-1.071428571428571397e+00 -2.000000000000000111e-01
-1.051020408163265252e+00 -2.000000000000000111e-01
-1.030612244897959329e+00 -2.000000000000000111e-01
-1.010204081632652962e+00 -2.000000000000000111e-01
-9.897959183673469274e-01 -2.000000000000000111e-01
-9.693877551020408934e-01 -2.000000000000000111e-01
-9.489795918367347483e-01 -2.000000000000000111e-01
-9.285714285714286031e-01 -2.000000000000000111e-01
-9.081632653061224580e-01 -2.000000000000000111e-01
-8.877551020408164240e-01 -2.000000000000000111e-01
-8.673469387755102789e-01 -2.000000000000000111e-01
-8.469387755102041337e-01 -2.000000000000000111e-01
-8.265306122448979886e-01 -2.000000000000000111e-01
-8.061224489795918435e-01 -2.000000000000000111e-01
-7.857142857142858094e-01 -2.000000000000000111e-01
-7.653061224489796643e-01 -2.000000000000000111e-01
-7.448979591836735192e-01 -2.000000000000000111e-01
-7.244897959183673741e-01 -2.000000000000000111e-01
-7.040816326530613400e-01 -2.000000000000000111e-01
-6.836734693877551949e-01 -2.000000000000000111e-01
-6.632653061224490498e-01 -2.000000000000000111e-01
-6.428571428571429047e-01 -2.000000000000000111e-01
-6.224489795918367596e-01 -2.000000000000000111e-01
-6.020408163265307255e-01 -2.000000000000000111e-01
-5.816326530612245804e-01 -2.000000000000000111e-01
-5.612244897959184353e-01 -2.000000000000000111e-01
-5.408163265306122902e-01 -2.000000000000000111e-01
-5.204081632653061451e-01 -2.000000000000000111e-01
-5.000000000000000000e-01 -2.000000000000000111e-01
-4.954262180837205043e-01 -1.999691392784242461e-01
-4.908524361674410641e-01 -1.998772769923307935e-01
-4.862786542511615684e-01 -1.997254929596603834e-01
-4.817048723348821282e-01 -1.995148669983557999e-01
-4.771310904186026325e-01 -1.992464789263595493e-01
-4.725573085023231368e-01 -1.989214085616143879e-01
-4.679835265860436966e-01 -1.985407357220629054e-01
-4.634097446697642009e-01 -1.981055402256476916e-01
-4.588359627534847052e-01 -1.976169018903115027e-01
-4.542621808372052650e-01 -1.970759005339969283e-01
-4.496883989209257693e-01 -1.964836159746465860e-01
-4.451146170046462736e-01 -1.958411280302031487e-01
-4.405408350883668334e-01 -1.951495165186092895e-01
-4.359670531720873377e-01 -1.944098612578075702e-01
-4.313932712558078419e-01 -1.936232420657406916e-01
-4.268194893395284018e-01 -1.927907387603512712e-01
-4.222457074232489616e-01 -1.919134311595819820e-01
-4.176719255069694658e-01 -1.909923990813754968e-01
-4.130981435906899701e-01 -1.900287223436744610e-01
-4.085243616744105299e-01 -1.890234807644213810e-01
-4.039505797581310342e-01 -1.879777541615589853e-01
-3.993767978418515385e-01 -1.868926223530300024e-01
-3.948030159255720983e-01 -1.857691651567769386e-01
-3.902292340092926026e-01 -1.846084623907425226e-01
-3.856554520930131069e-01 -1.834115938728693440e-01
-3.810816701767336667e-01 -1.821796394211001036e-01
-3.765078882604541710e-01 -1.809136788533774465e-01
-3.719341063441746753e-01 -1.796147919876439625e-01
-3.673603244278952351e-01 -1.782840586418422968e-01
-3.627865425116157394e-01 -1.769225586339151501e-01
-3.582127605953362437e-01 -1.755313717818051400e-01
-3.536389786790568035e-01 -1.741115779034549116e-01
-3.490651967627773633e-01 -1.726642568168070546e-01
-3.444914148464978676e-01 -1.711904883398042698e-01
-3.399176329302183719e-01 -1.696913522903891747e-01
-3.353438510139389317e-01 -1.681679284865044977e-01
-3.307700690976594360e-01 -1.666212967460927175e-01
-3.261962871813799403e-01 -1.650525368870966458e-01
-3.216225052651005001e-01 -1.634627287274588447e-01
-3.170487233488210044e-01 -1.618529520851219039e-01
-3.124749414325415087e-01 -1.602242867780285795e-01
-3.079011595162620685e-01 -1.585778126241214614e-01
-3.033273775999825728e-01 -1.569146094413432224e-01
-2.987535956837030771e-01 -1.552357570476364246e-01
-2.941798137674236369e-01 -1.535423352609438241e-01
-2.896060318511441412e-01 -1.518354238992079552e-01
-2.850322499348646454e-01 -1.501161027803715187e-01
-2.804584680185852053e-01 -1.483854517223771874e-01
-2.758846861023057095e-01 -1.466445505431684115e-01
-2.538940230965080480e-01 -1.381537442385968317e-01
-2.313415019951643170e-01 -1.297462644833429213e-01
-2.079957561188072179e-01 -1.213083207177116651e-01
-1.839326012865855620e-01 -1.128443589129269203e-01
-1.592286454616008151e-01 -1.043578817592733243e-01
-1.339612435999099072e-01 -9.585164586099600981e-02
-1.082084153266429649e-01 -8.732780832673946170e-02
-8.204873115421119911e-02 -7.878803568384176725e-02
-5.556117209527242085e-02 -7.023358425193775012e-02
-2.882496667245849215e-02 -6.166535841220260883e-02
-1.919408544660421850e-03 -5.308395125121262437e-02
2.507634273290131749e-02 -4.448967059882471403e-02
5.208347593075068199e-02 -3.588255234491175005e-02
7.902375604873149162e-02 -2.726236198303686603e-02
1.058197651576633369e-01 -1.862858449024960839e-02
1.323951559914921250e-01 -9.980401824479429029e-03
1.586749186817399404e-01 -1.316656419344003348e-03
1.845856616530294203e-01 7.364202014597365231e-03
2.100559083940584104e-01 1.606419043139486330e-02
2.350164125961811401e-01 2.478589298756169595e-02
2.594004950079026872e-01 3.353259650188408769e-02
2.831444062468270184e-01 4.230847262167520412e-02
3.061877206221459979e-01 5.111882338905321399e-02
3.284737664758866638e-01 5.997041393624721189e-02
3.499500980670068873e-01 6.887192618005366640e-02
3.705690114140914870e-01 7.783458202279300298e-02
3.902880994280645277e-01 8.687300558934540895e-02
4.090708255108249092e-01 9.600642376510831744e-02
4.268870607097763892e-01 1.052603449455133122e-01
4.437134607010052578e-01 1.146689074857582952e-01
4.595334243074346015e-01 1.242781437491132790e-01
4.743361204878890902e-01 1.341504310712857695e-01
4.881136097487246972e-01 1.443703041143541421e-01
5.008543158783320681e-01 1.550513469602596284e-01
5.125300198146192088e-01 1.663425395417271191e-01
5.230726655127440061e-01 1.784292415418392286e-01
5.323387089308544429e-01 1.915179533296598735e-01
5.400677241305197329e-01 2.057866775008816429e-01
5.458645786940551359e-01 2.212853561100303623e-01
5.492603852108015605e-01 2.378082499648419279e-01
5.498838357914829222e-01 2.548352709673211147e-01
5.476573909581132771e-01 2.716568291808751923e-01
5.428441549387353904e-01 2.876433584964713241e-01
5.358969033928770997e-01 3.024511175476080616e-01
5.272568590413443390e-01 3.160339649466193390e-01
5.172438274335499075e-01 3.285295285898898188e-01
5.060472836728100443e-01 3.401408102561953029e-01
4.937629477430306446e-01 3.510657372161389289e-01
4.804327277255568407e-01 3.614695483166400769e-01
4.660733058294297404e-01 3.714805380408675584e-01
4.506930942404790419e-01 3.811949535865813421e-01
4.343011544759091125e-01 3.906839813469353273e-01
4.169113853616918663e-01 4.000001116341319607e-01
3.985441651656817519e-01 4.091821725775597329e-01
3.792267126140909661e-01 4.182590763733640138e-01
3.589928481485699097e-01 4.272525315285304881e-01
3.378825050772500949e-01 4.361789849906220207e-01
3.159411620479168348e-01 4.450510099288361721e-01
2.932192759074911392e-01 4.538783002656034959e-01
2.697717475934093279e-01 4.626683874067467617e-01
2.456574312218575973e-01 4.714271603710927794e-01
2.209386862761603676e-01 4.801592460235339366e-01
1.956809686383799152e-01 4.888682889736157278e-01
1.699524549993114975e-01 4.975571588109427013e-01
1.438236953280791763e-01 5.062281041092788758e-01
1.173672887867953374e-01 5.148828668991718427e-01
9.065757935490856290e-02 5.235227672892228679e-01
6.377036830846843918e-02 5.321487650627442223e-01
3.678264151331874648e-02 5.407615030148953394e-01
9.772310221481360359e-03 5.493613352664048488e-01
-1.718203528557319532e-02 5.579483426110584121e-01
-4.400135926592205898e-02 5.665223359918993840e-01
-7.060640079459018503e-02 5.750828483521009948e-01
-9.691787969195093944e-02 5.836291142827169098e-01
-1.228566864766489908e-01 5.921600360063627999e-01
-1.483440541076916364e-01 6.006741332007051737e-01
-1.733017086098492254e-01 6.091694728649351687e-01
-1.976519949290804767e-01 6.176435737158375572e-01
-2.213179735401585024e-01 6.260932772582481487e-01
-2.442234824599372744e-01 6.345145744078660721e-01
-2.662931585084665764e-01 6.429023719172186624e-01
-2.874524111471163934e-01 6.512501762330785704e-01
-3.076273425240118042e-01 6.595496628742262279e-01
-3.267446095271859252e-01 6.677900856477048119e-01
-3.447312297853339369e-01 6.759574602163199719e-01
-3.615143477782909454e-01 6.840334284167941536e-01
-3.770210074732534000e-01 6.919936710042351447e-01
-3.911780393114538956e-01 6.998056865191790710e-01
-4.039122900117085302e-01 7.074256987701684762e-01
-4.151516533691032573e-01 7.147944210649833652e-01
-4.248277796545203433e-01 7.218314706712678497e-01
-4.328820540373581327e-01 7.284285966685662972e-01
-4.392774790993959066e-01 7.344430256777332300e-01
-4.440200967724813319e-01 7.396950310725919353e-01
-4.471927967991625175e-01 7.439793784202775040e-01
-4.489971294325993956e-01 7.471078065638814270e-01
-4.497785083280873009e-01 7.490001624571860361e-01
-4.499824596072153904e-01 7.498119328938890327e-01
-4.499998580743393428e-01 7.500137582098053146e-01
-4.499630950842788968e-01 7.503005853817154014e-01
-4.496648253015771424e-01 7.513340740318379396e-01
-4.486826064433415140e-01 7.535116789861754372e-01
-4.465845901449968514e-01 7.569229209672908576e-01
-4.430585748757206455e-01 7.614516064238502357e-01
-4.379342298389272692e-01 7.668993245878993337e-01
-4.311502423359356850e-01 7.730644724688424674e-01
-4.227131662392630829e-01 7.797756566526535815e-01
-4.126665447198650805e-01 7.868986375631706887e-01
-4.010720562857506000e-01 7.943323050821857745e-01
-3.879993074569716427e-01 8.020017700607517952e-01
-3.735208098795258502e-01 8.098518132545634574e-01
-3.577097729837313556e-01 8.178416216721799969e-01
-3.406393191646688301e-01 8.259408432837311853e-01
-3.223823641216072566e-01 8.341267216590636524e-01
-3.030117712336556912e-01 8.423820419970209361e-01
-2.826005871311725870e-01 8.506936635393528290e-01
-2.612222689526903507e-01 8.590514686031014424e-01
-2.389508660026157527e-01 8.674476059806096595e-01
-2.158611440220503941e-01 8.758759425388300546e-01
-1.920286520918646211e-01 8.843316628054493922e-01
-1.675297371281701531e-01 8.928109745381233031e-01
-1.424415125263583104e-01 9.013108909143298098e-01
-1.168417875524159627e-01 9.098290687368351115e-01
-9.080896346465913704e-02 9.183636881364248827e-01
-6.442190150956939032e-02 9.269133635150819117e-01
-3.775976707120366066e-02 9.354770784907284753e-01
-1.090185344582708139e-02 9.440541397776958110e-01
1.607261201532019998e-02 9.526441465404957842e-01
4.308467730660124617e-02 9.612469729854151712e-01
7.005588922090508208e-02 9.698627629450122800e-01
9.690852992715154324e-02 9.784919360720861770e-01
1.235658662981059808e-01 9.871352060818173735e-01
1.499524121830602408e-01 9.957936123479602664e-01
1.759942044284683038e-01 1.004468567161668435e+00
2.016190941203649667e-01 1.013161922208765553e+00
2.267570552720373223e-01 1.021876059455910868e+00
2.513405140126290793e-01 1.030614013855816635e+00
2.753047022214447082e-01 1.039379638368441716e+00
2.985880404121052378e-01 1.048177826157772330e+00
3.211325552899032543e-01 1.057014811058727854e+00
3.428843373282903229e-01 1.065898576382696028e+00
3.637940419980058571e-01 1.074839415084518190e+00
3.838174330596723083e-01 1.083850702966233870e+00
4.029159539167046500e-01 1.092949973151521315e+00
4.210572862907892011e-01 1.102160416894344408e+00
4.382158008227068358e-01 1.111512984025556872e+00
4.543726962299071137e-01 1.121049311681535876e+00
4.695154168678619677e-01 1.130825751223857756e+00
4.836355577578475007e-01 1.140918724033396447e+00
4.967238089405512369e-01 1.151431341082234994e+00
5.087594943470115094e-01 1.162500257510345580e+00
5.196911862970771123e-01 1.174299288790004336e+00
5.294051402536293915e-01 1.187031271844748659e+00
5.376839799012419485e-01 1.200892184571966004e+00
5.441758576841355666e-01 1.215988654906811073e+00
5.484225996787576163e-01 1.232212901952812745e+00
5.499963792493671733e-01 1.249146227506274132e+00
5.487059313937452387e-01 1.266116011072445646e+00
5.447095096976010131e-01 1.282435341972516740e+00
5.384205640991709396e-01 1.297654115741410319e+00
5.303023104844989399e-01 1.311636262516203244e+00
5.207200122707674739e-01 1.324472969049003801e+00
5.099036054502364967e-01 1.336355873734161426e+00
4.979752675337145162e-01 1.347489377067102589e+00
4.849910231652361237e-01 1.358050869330239774e+00
4.709735698793701131e-01 1.368180664164500460e+00
4.559327667675686091e-01 1.377984933032231574e+00
4.398768155952447190e-01 1.387542451508842367e+00
4.228177279056627436e-01 1.396911313884718231e+00
4.047736370959700292e-01 1.406134427006944909e+00
3.857694881993381508e-01 1.415243661710633871e+00
3.658369478163581157e-01 1.424262878895735884e+00
3.450139730636281876e-01 1.433210101604152520e+00
3.233442581599455523e-01 1.442099067105200083e+00
3.008766618849725294e-01 1.450940337668156666e+00
2.776646605532648859e-01 1.459742099402649540e+00
2.537658423752628956e-01 1.468510740585657892e+00
2.292414456288050240e-01 1.477251273410601584e+00
2.041559373292468060e-01 1.485967643757312384e+00
1.785766271283101836e-01 1.494662960143380515e+00
1.525733109840773372e-01 1.503339663708378016e+00
1.262179397201796949e-01 1.511999654617942390e+00
9.958430843992213677e-02 1.520644385755361983e+00
7.274776365250099075e-02 1.529274931374895896e+00
4.578492580822105668e-02 1.537892036099044013e+00
1.877342569767033106e-02 1.546496147958856815e+00
-8.208346152170328466e-03 1.555087437897554326e+00
-3.508147733812808783e-02 1.563665807135896202e+00
-6.176675837884064435e-02 1.572230882921284101e+00
-8.818489357817793639e-02 1.580782002359755412e+00
-1.142566965205593366e-01 1.589318183176330335e+00
-1.399032681716043947e-01 1.597838079275955003e+00
-1.650461549097655689e-01 1.606339917779599391e+00
-1.896074830938009326e-01 1.614821412651934018e+00
-2.135100659706316850e-01 1.623279647931672898e+00
-2.366774778672082746e-01 1.631710920657741815e+00
-2.590340897617394167e-01 1.640110529469844813e+00
-2.805050596772915572e-01 1.648472488990812224e+00
-3.010162712873640789e-01 1.656789141655354403e+00
-3.204942155026403450e-01 1.665050626464336769e+00
-3.388658142939532381e-01 1.673244146582212100e+00
-3.560581968912499007e-01 1.681352952623002217e+00
-3.719984621735432095e-01 1.689354923494819305e+00
-3.866135097607931725e-01 1.697220580268576029e+00
-3.998301189642121667e-01 1.704910313589125703e+00
-4.115756408000997846e-01 1.712370558685913258e+00
-4.217800134826001357e-01 1.719528669754495365e+00
-4.303804158136299018e-01 1.726286478350538722e+00
-4.373308161607616928e-01 1.732513328954660592e+00
-4.426197872266749433e-01 1.738041506790717561e+00
-4.463001072609119046e-01 1.742671519542821734e+00
-4.485293216413827055e-01 1.746201956330640126e+00
-4.496050501311978365e-01 1.748503344667949433e+00
-4.499510109173586181e-01 1.749638775300691895e+00
-4.499994854497470498e-01 1.749973539737893047e+00
-4.499877901447525974e-01 1.750150815178757258e+00
-4.498173166833021597e-01 1.750875285027964079e+00
-4.491144092260619392e-01 1.752647624485553557e+00
-4.474302456143205431e-01 1.755653201284653520e+00
-4.444057547734859281e-01 1.759829536474506462e+00
-4.398254846165765564e-01 1.764994202505381526e+00
-4.335965730314352840e-01 1.770941057062551227e+00
-4.257070228551891322e-01 1.777486954089330995e+00
-4.161906825388319575e-01 1.784485404650588247e+00
-4.051046665175627171e-01 1.791824980734443962e+00
-3.925166929180965991e-01 1.799422831596269701e+00
-3.784986527494361153e-01 1.807217835215179313e+00
-3.631236599847946223e-01 1.815164876132757232e+00
-3.464649015121399889e-01 1.823230481283843796e+00
-3.285953529596402078e-01 1.831389625493149209e+00
-3.095878704322064801e-01 1.839623434764111165e+00
-2.895154126965053809e-01 1.847917544749112517e+00
-2.684512772090402732e-01 1.856260926605112438e+00
-2.464692991699703739e-01 1.864645043397347157e+00
-2.236439953154437943e-01 1.873063240088292503e+00
-2.000506495431857157e-01 1.881510299227619587e+00
-1.757653441833814389e-01 1.889982114986598738e+00
-1.508649431759032378e-01 1.898475452464848612e+00
-1.254270338432167398e-01 1.906987769093306584e+00
-9.952983348726641977e-02 1.915517081824376522e+00
-7.325206624313732040e-02 1.924061868594397762e+00
-4.667281475322391376e-02 1.932620995924100749e+00
-1.987135039434029249e-02 1.941193666941741558e+00
7.073054965215777590e-03 1.949779385882044469e+00
3.408133337937301749e-02 1.958377936448846501e+00
6.107483972355687990e-02 1.966989372485484555e+00
8.797558396631441346e-02 1.975614020290903383e+00
1.147064762541003535e-01 1.984252492745336882e+00
1.411915848108887539e-01 1.992905716252029391e+00
1.673564072470300201e-01 2.001574972448102230e+00
1.931281565194419847e-01 2.010261957789530207e+00
2.184360635073798185e-01 2.018968865601967533e+00
2.432116989735672308e-01 2.027698497187391702e+00
2.673893185563904207e-01 2.036454411336180659e+00
2.909062353235623566e-01 2.045241125476085831e+00
3.137032251521073567e-01 2.054064387219446619e+00
3.357249704280491076e-01 2.062931543013784452e+00
3.569205465411254274e-01 2.071852042062876098e+00
3.772439518927091506e-01 2.080838130215551640e+00
3.966546726943883105e-01 2.089905812173896038e+00
4.151182529824947731e-01 2.099076193543154112e+00
4.326067970205609847e-01 2.108377358753423358e+00
4.490992449187531377e-01 2.117846995014888378e+00
4.645810951716062842e-01 2.127536022697658513e+00
4.790429354499602943e-01 2.137513492381920344e+00
4.924765896324805325e-01 2.147872829268770101e+00
5.048668025668455739e-01 2.158738832034510224e+00
5.161752612015162445e-01 2.170273001229338750e+00
5.263132811197205330e-01 2.182670704425844210e+00
5.351026907060814075e-01 2.196136755775791372e+00
5.422375320789510900e-01 2.210820000783689565e+00
5.472857648352000837e-01 2.226698673098407077e+00
5.497875268965498607e-01 2.243461368435775150e+00
5.494515760259132131e-01 2.260500738555411893e+00
5.463198211582723784e-01 2.277102261255885551e+00
5.407419101939373585e-01 2.292717811681168616e+00
5.331862714603343711e-01 2.307110517474873834e+00
5.240599698742310908e-01 2.320310381193156246e+00
5.136369112641154810e-01 2.332487923421373122e+00
5.020705246545259515e-01 2.343849777709185123e+00
4.894346133790083986e-01 2.354584508146700284e+00
4.757601361503136506e-01 2.364844845773533155e+00
4.610596105223829233e-01 2.374747664526222657e+00
4.453409650990916568e-01 2.384380083403844441e+00
4.286145688286028821e-01 2.393806411400340117e+00
4.108963802551180433e-01 2.403074093301136305e+00
3.922090572888139448e-01 2.412218292498068628e+00
3.725820631017615625e-01 2.421265261688097414e+00
3.520513163360286524e-01 2.430234770999907479e+00
3.306586628280963058e-01 2.439141844170177098e+00
3.084513023943242782e-01 2.447997999834008453e+00
2.854812305319773258e-01 2.456812142545818034e+00
2.618047182624568814e-01 2.465591206340882913e+00
2.374818358887954561e-01 2.474340622907891696e+00
2.125760187051607963e-01 2.483064664659123455e+00
1.871536697724082154e-01 2.491766697802676234e+00
1.612837942440534522e-01 2.500449370000764837e+00
1.350376601215065031e-01 2.509114749902070951e+00
1.084884811092604873e-01 2.517764430749053428e+00
8.171111813286395520e-02 2.526399606681037024e+00
5.478179694517297527e-02 2.535021127799353735e+00
2.777784003250426820e-02 2.543629538201088280e+00
7.774117357937995743e-04 2.552225099793029806e+00
-2.614072386526494762e-02 2.560807803603775135e+00
-5.289743217394923813e-02 2.569377369397886746e+00
-7.941342371595340455e-02 2.577933233564814408e+00
-1.056094549523621945e-01 2.586474524421302768e+00
-1.314065124423351716e-01 2.595000023143211987e+00
-1.567259779044010148e-01 2.603508107433040397e+00
-1.814897710303830236e-01 2.611996673609227493e+00
-2.056204661316638205e-01 2.620463030905289870e+00
-2.290413778521875887e-01 2.628903759155594599e+00
-2.516766103167489277e-01 2.637314517381027734e+00
-2.734510633346139974e-01 2.645689785578198894e+00
-2.942903889601043987e-01 2.654022514540542499e+00
-3.141208924805914959e-01 2.662303647758432312e+00
-3.328693750889260006e-01 2.670521463889226066e+00
-3.504629237330662006e-01 2.678660665983377154e+00
-3.668286720522232480e-01 2.686701112230579280e+00
-3.818935947752206128e-01 2.694616040409612001e+00
-3.955844751239975254e-01 2.702369585242339944e+00
-4.078283348525614804e-01 2.709913335042061444e+00
-4.185538988956570838e-01 2.717181659982780495e+00
-4.276951723168850306e-01 2.724085678900369345e+00
-4.351990356208396693e-01 2.730506288348826249e+00
-4.410398761892338482e-01 2.736288250878812889e+00
-4.452449826796515686e-01 2.741240954120150342e+00
-4.479321890170205878e-01 2.745157965080082807e+00
-4.493503137421216431e-01 2.747874337555153534e+00
-4.498881767277885246e-01 2.749374116038260762e+00
-4.499954556405731942e-01 2.749915248294660941e+00
-4.499972785160010202e-01 2.750063732251413651e+00
-4.499112034884478750e-01 2.750535739941133428e+00
-4.494363044568687182e-01 2.751922689961858737e+00
-4.481257136327478907e-01 2.754514504244001571e+00
-4.455790453094959913e-01 2.758317418440922264e+00
-4.415329022949109894e-01 2.763175766331296579e+00
-4.358580254070581472e-01 2.768883885448673254e+00
-4.285199441540576415e-01 2.775248242458974168e+00
-4.195403311153149128e-01 2.782109839453197786e+00
-4.089703617537258640e-01 2.789346176134024358e+00
-3.968751738243455063e-01 2.796865668758532486e+00
-3.833257233606564562e-01 2.804600655643023632e+00
-3.683949084525668383e-01 2.812501235817806311e+00
-3.521559527311122206e-01 2.820530462574696084e+00
-3.346819038488598741e-01 2.828660788818627481e+00
-3.160456362199804414e-01 2.836871500503773902e+00
-2.963200473577728977e-01 2.845146880346038021e+00
-2.752621503586977769e-01 2.853600588668282256e+00
-2.668051929713985970e-01 2.856974453599552710e+00
-2.583482355840994171e-01 2.860199758776590162e+00
-2.498912781968002372e-01 2.863277862902517068e+00
-2.414343208095010573e-01 2.866210124680461213e+00
-2.329773634222018774e-01 2.868997902813551271e+00
-2.245204060349026698e-01 2.871642556004915914e+00
-2.160634486476034899e-01 2.874145442957683372e+00
-2.076064912603043100e-01 2.876507922374982318e+00
-1.991495338730051301e-01 2.878731352959941425e+00
-1.906925764857059502e-01 2.880817093415689367e+00
-1.822356190984067426e-01 2.882766502445353929e+00
-1.737786617111075627e-01 2.884580938752064228e+00
-1.653217043238083828e-01 2.886261761038948048e+00
-1.568647469365092029e-01 2.887810328009134953e+00
-1.484077895492100230e-01 2.889227998365752725e+00
-1.399508321619108431e-01 2.890516130811930040e+00
-1.314938747746116632e-01 2.891676084050795570e+00
-1.230369173873124833e-01 2.892709216785477544e+00
-1.145799600000133034e-01 2.893616887719104636e+00
-1.061230026127141235e-01 2.894400455554805074e+00
-9.766604522541491584e-02 2.895061278995707976e+00
-8.920908783811573595e-02 2.895600716744941128e+00
-8.075213045081655605e-02 2.896020127505633646e+00
-7.229517306351737616e-02 2.896320869980913315e+00
-6.383821567621819626e-02 2.896504302873909253e+00
-5.538125828891901636e-02 2.896571784887750134e+00
-4.692430090161983647e-02 2.896524674725564186e+00
-3.846734351432062882e-02 2.896364331090479194e+00
-3.001038612702144892e-02 2.896092112685625164e+00
-2.155342873972226903e-02 2.895709378214128993e+00
-1.309647135242308913e-02 2.895217486379120686e+00
-4.639513965123909234e-03 2.894617795883727585e+00
3.817443422175270662e-03 2.893911665431078806e+00
1.227440080947445056e-02 2.893100453724302579e+00
2.073135819677363045e-02 2.892185519466527577e+00
2.918831558407281035e-02 2.891168221360882029e+00
3.764527297137199024e-02 2.890049918110495053e+00
4.610223035867117014e-02 2.888831968418494434e+00
5.455918774597035004e-02 2.887515730988009288e+00
6.301614513326952993e-02 2.886102564522167846e+00
7.147310252056876534e-02 2.884593827724098336e+00
7.993005990786794523e-02 2.882990879296929432e+00
8.838701729516712513e-02 2.881295077943790250e+00
9.684397468246630503e-02 2.879507782367808577e+00
1.053009320697654849e-01 2.877630351272113085e+00
1.137578894570646648e-01 2.875664143359832003e+00
1.222148468443638447e-01 2.873610517334094894e+00
1.306718042316630246e-01 2.871470831898029097e+00
1.391287616189622045e-01 2.869246445754763286e+00
1.475857190062613844e-01 2.866938717607426579e+00
1.560426763935605643e-01 2.864549006159147204e+00
1.644996337808597442e-01 2.862078670113053391e+00
1.729565911681589241e-01 2.859529068172274258e+00
1.814135485554581040e-01 2.856901559039937588e+00
1.898705059427572839e-01 2.854197501419172056e+00
1.983274633300565193e-01 2.851418254013106335e+00
2.067844207173556992e-01 2.848565175524869098e+00
2.152413781046548791e-01 2.845639624657589017e+00
2.236983354919540590e-01 2.842642960114393880e+00
2.321552928792532389e-01 2.839576540598412357e+00
2.406122502665523633e-01 2.836441724812773568e+00
2.490692076538515987e-01 2.833239871460605297e+00
2.575261650411507230e-01 2.829972339245036661e+00
2.659831224284499585e-01 2.826640486869195890e+00
2.744400798157491939e-01 2.823245673036211212e+00
2.828970372030483182e-01 2.819789256449211301e+00
2.913539945903475537e-01 2.816272595811324830e+00
2.998109519776466780e-01 2.812697049825680473e+00
3.082679093649459134e-01 2.809063977195406459e+00
3.167248667522450378e-01 2.805374736623631460e+00
3.251818241395442732e-01 2.801630686813483262e+00
3.336387815268433976e-01 2.797833186468091426e+00
3.420957389141426330e-01 2.793983594290584183e+00
3.505526963014417574e-01 2.790083268984089315e+00
3.590096536887409928e-01 2.786133569251736386e+00
3.674666110760401172e-01 2.782135853796653180e+00
3.759235684633393526e-01 2.778091481321967926e+00
3.843805258506384770e-01 2.774001810530810186e+00
3.928374832379377124e-01 2.769868200126307745e+00
4.012944406252368368e-01 2.765692008811589275e+00
4.097513980125360722e-01 2.761474595289783007e+00
4.182083553998353076e-01 2.757217318264018058e+00
4.266653127871344320e-01 2.752921536437422212e+00
4.351222701744336674e-01 2.748588608513124587e+00
4.435792275617327918e-01 2.744219893194253412e+00
4.520361849490320272e-01 2.739816749183937361e+00
4.604931423363311516e-01 2.735380535185304662e+00
4.689500997236303870e-01 2.730912609901483989e+00
4.774070571109295114e-01 2.726414332035603572e+00
4.858640144982287468e-01 2.721887060290792526e+00
4.943209718855278711e-01 2.717332153370178638e+00
5.027779292728271621e-01 2.712750969976891025e+00
5.112348866601261754e-01 2.708144868814057915e+00
5.196918440474254108e-01 2.703515208584807983e+00
5.281488014347246462e-01 2.698863347992269457e+00
5.366057588220238816e-01 2.694190645739571011e+00
5.450627162093231171e-01 2.689498460529840873e+00
5.535196735966221304e-01 2.684788151066208162e+00
5.619766309839213658e-01 2.680061076051800661e+00
5.704335883712206012e-01 2.675318594189747490e+00
5.788905457585198366e-01 2.670562064183176432e+00
5.873475031458188500e-01 2.665792844735217049e+00
5.958044605331180854e-01 2.661012294548997126e+00
6.042614179204173208e-01 2.656221772327644892e+00
6.127183753077165562e-01 2.651422636774289909e+00
6.211753326950155696e-01 2.646616246592059518e+00
6.296322900823148050e-01 2.641803960484082836e+00
6.380892474696140404e-01 2.636987137153488536e+00
6.465462048569132758e-01 2.632167135303404404e+00
6.550031622442122892e-01 2.627345313636960000e+00
6.634601196315115246e-01 2.622523030857282667e+00
6.719170770188107600e-01 2.617701645667501964e+00
6.803740344061099954e-01 2.612882516770745678e+00
6.888309917934092308e-01 2.608067002870142481e+00
6.972879491807082442e-01 2.603256462668821047e+00
7.057449065680074796e-01 2.598452254869909606e+00
7.142018639553067150e-01 2.593655738176537273e+00
7.226588213426059504e-01 2.588868271291831391e+00
7.311157787299049637e-01 2.584091212918921965e+00
7.395727361172041991e-01 2.579325921760936335e+00
7.480296935045034346e-01 2.574573756521003620e+00
7.564866508918024479e-01 2.569836075902252048e+00
7.649436082791016833e-01 2.565114238607809849e+00
7.734005656664009187e-01 2.560409603340806584e+00
7.818575230537001541e-01 2.555723528804369593e+00
7.903144804409991675e-01 2.551057373701627551e+00
7.987714378282984029e-01 2.546412496735709574e+00
8.072283952155976383e-01 2.541790256609743892e+00
8.156853526028968737e-01 2.537192012026858734e+00
8.241423099901961091e-01 2.532619121690182773e+00
8.325992673774951225e-01 2.528072944302845126e+00
8.410562247647943579e-01 2.523554838567973135e+00
8.495131821520935933e-01 2.519066163188696361e+00
8.579701395393928287e-01 2.514608276868142589e+00
8.664270969266918421e-01 2.510182538309440936e+00
8.748840543139910775e-01 2.505790306215719188e+00
8.833410117012903129e-01 2.501432939290106461e+00
8.917979690885895483e-01 2.497111796235730985e+00
9.002549264758885617e-01 2.492828235755721433e+00
9.087118838631877971e-01 2.488583616553206035e+00
9.171688412504870325e-01 2.484379297331313463e+00
9.256257986377862679e-01 2.480216636793172391e+00
9.340827560250852812e-01 2.476096993641911048e+00
9.425397134123845166e-01 2.472021726580658108e+00
9.509966707996837521e-01 2.467992194312541798e+00
9.594536281869829875e-01 2.464009755540690794e+00
9.679105855742822229e-01 2.460075768968233767e+00
9.763675429615812362e-01 2.456191593298299392e+00
9.848245003488805827e-01 2.452358587234015896e+00
1.017398232342602515e+00 2.441982694612717442e+00
1.049773918577736165e+00 2.431625824267716229e+00
1.081811785082386290e+00 2.421288859168570173e+00
1.113372104678943098e+00 2.410973333499283555e+00
1.144315671017921643e+00 2.400681533430926606e+00
1.174504212169366069e+00 2.390416653134049163e+00
1.203800731372460575e+00 2.380183023727900249e+00
1.232069758938157511e+00 2.369986442499996571e+00
1.259177495433236871e+00 2.359834644060223141e+00
1.284991822806262451e+00 2.349737976911031812e+00
1.309382158885069591e+00 2.339710382614687667e+00
1.332219136202551724e+00 2.329770827158180957e+00
1.353374108918009133e+00 2.319945415486436957e+00
1.372718555496429182e+00 2.310270544330525144e+00
1.390123602481360354e+00 2.300797629089075258e+00
1.405460259833949621e+00 2.291600172777505051e+00
1.418601764925902842e+00 2.282784140249998206e+00
1.429431114151255011e+00 2.274502385878688582e+00
1.437860016426124377e+00 2.266972063386071934e+00
1.443870065703988903e+00 2.260487396177345065e+00
1.447588358802883945e+00 2.255403079425903012e+00
1.449389385994926505e+00 2.252034439406811916e+00
1.449938969486515461e+00 2.250417355556201038e+00
1.449999918081962491e+00 2.250010441573139897e+00
1.449962300830661022e+00 2.249695244319354082e+00
1.449528032920050613e+00 2.248303636118552884e+00
1.447956009667069610e+00 2.245197783290272309e+00
1.444546340320421285e+00 2.240346217200403611e+00
1.438881560640831614e+00 2.234042085834474278e+00
1.430805071980413956e+00 2.226643443858261406e+00
1.420319761524312163e+00 2.218455551901533873e+00
1.407507028821459283e+00 2.209706266181474810e+00
1.392481270343836730e+00 2.200556670945581050e+00
1.375368482108392687e+00 2.191118544377523847e+00
1.356297554352098977e+00 2.181469367157877759e+00
1.335397421254294947e+00 2.171663255191941477e+00
1.312796633767139953e+00 2.161738446198541386e+00
1.288623781924524980e+00 2.151722313083336058e+00
1.263008094178920571e+00 2.141634706960799495e+00
1.236079952159695239e+00 2.131490196766671730e+00
1.207971237935496767e+00 2.121299583063823491e+00
1.178815504114345769e+00 2.111070932017744539e+00
1.148747983954899077e+00 2.100810288866345577e+00
1.117905465837173873e+00 2.090522174311964854e+00
1.086426055817155900e+00 2.080209931341190366e+00
1.054448848691036389e+00 2.069875966756109520e+00
1.022113524127392203e+00 2.059521916486753312e+00
9.895598807648267048e-01 2.049148753566082615e+00
9.569273179215138647e-01 2.038756850581823876e+00
9.243542716879861176e-01 2.028346003229524630e+00
8.919776095506519731e-01 2.017915417422522228e+00
8.599319851647653223e-01 2.007463658617848257e+00
8.283491522977413091e-01 1.996988558017770199e+00
7.973572341368806438e-01 1.986487065489351611e+00
7.670799409620501219e-01 1.975955032629155284e+00
7.376357255540492153e-01 1.965386900278496052e+00
7.091368617546076614e-01 1.954775251289452065e+00
6.816884278707835421e-01 1.944110168837883901e+00
6.553871747267387970e-01 1.933378308960914227e+00
6.303202620945624890e-01 1.922561546839162139e+00
6.065638663142591813e-01 1.911634979959527580e+00
5.841817173134354890e-01 1.900563954295035662e+00
5.632237619758433400e-01 1.889299607721740992e+00
5.437254747844730840e-01 1.877772197870702708e+00
5.257090575570306790e-01 1.865881268310037644e+00
5.091892888526372563e-01 1.853481816972139651e+00
4.941896930211410188e-01 1.840367084878416604e+00
4.807791572053083939e-01 1.826254141114094454e+00
4.691416941300854404e-01 1.810793623289280507e+00
4.596768133503099651e-01 1.793653168452003843e+00
4.530613552701509006e-01 1.774736524843140373e+00
4.501001295634995403e-01 1.754489253025312889e+00
4.512805716136903955e-01 1.733967998945302513e+00
4.563974088498370385e-01 1.714377114360120968e+00
4.647192500015777661e-01 1.696449732850515035e+00
4.754759304614423199e-01 1.680291387232561107e+00
4.881471545895190722e-01 1.665636733703873329e+00
5.024679367283115816e-01 1.652126715006236202e+00
5.183300980746061715e-01 1.639445448071504607e+00
5.356965391865513570e-01 1.627354105103177462e+00
5.545515744239277733e-01 1.615682990626639226e+00
5.748773862317759775e-01 1.604314195194212589e+00
5.966446131656509833e-01 1.593166031529052784e+00
6.198095967007211105e-01 1.582181527222821904e+00
6.443144655153555389e-01 1.571320499313270114e+00
6.700882841562145753e-01 1.560554237451609705e+00
6.970484983231106657e-01 1.549861958838568254e+00
7.251023706094603671e-01 1.539228435678924534e+00
7.541483025790868266e-01 1.528642393828675061e+00
7.840770226488261718e-01 1.518095420706003118e+00
8.147726504641612522e-01 1.507581212775968238e+00
8.461136573456887744e-01 1.497095052519382241e+00
8.779737423191422696e-01 1.486633443092985951e+00
9.102226400229657122e-01 1.476193853612008944e+00
9.427268728230275840e-01 1.465774544145061586e+00
9.753504556614299714e-01 1.455374450290968680e+00
1.007955558784569439e+00 1.444993114638025711e+00
1.040403130523493314e+00 1.434630657808578347e+00
1.072553479621033201e+00 1.424287786065190575e+00
1.104266814061518165e+00 1.413965836269188037e+00
1.135403730796432198e+00 1.403666862916326696e+00
1.165825648011704629e+00 1.393393776629941794e+00
1.195395168506492301e+00 1.383150549616434466e+00
1.223976359264812297e+00 1.372942512229504919e+00
1.251434928473457386e+00 1.362776777523508898e+00
1.277638277537613831e+00 1.352662849952152690e+00
1.302455403459964023e+00 1.342613504040576222e+00
1.325756629787617769e+00 1.332646064956431786e+00
1.347413160459800086e+00 1.322784294589766096e+00
1.367296499132114374e+00 1.313061196915957574e+00
1.385277898838975119e+00 1.303523219700474689e+00
1.401228294441168920e+00 1.294236550197508828e+00
1.415019814314951496e+00 1.285296428119667045e+00
1.426531337084811835e+00 1.276840374391574162e+00
1.435663231015696706e+00 1.269065089930278667e+00
1.442370711054578925e+00 1.262242093010949029e+00
1.446728646347737346e+00 1.256713787999150567e+00
1.449029793327504700e+00 1.252824934227110498e+00
1.449861169898771784e+00 1.250725105925043934e+00
1.449997386597018378e+00 1.250062356720553991e+00
1.449988220668559924e+00 1.249852385156824619e+00
1.449735488209433765e+00 1.248869046394704529e+00
1.448575322305423851e+00 1.246286957222357827e+00
1.445755811636567856e+00 1.241920272856875673e+00
1.440771586744056698e+00 1.236000458198162288e+00
1.433400175545935351e+00 1.228884798453675931e+00
1.423608156119336998e+00 1.220899197881744724e+00
1.411460242561114020e+00 1.212293674898343498e+00
1.397064269476170129e+00 1.203246918055308923e+00
1.380544156769894171e+00 1.193883298654900393e+00
1.362028419995372941e+00 1.184288951805474888e+00
1.341646090870666219e+00 1.174523871638137651e+00
1.319525807763608061e+00 1.164630296944081600e+00
1.295796088184578476e+00 1.154638349198502389e+00
1.270585915910413366e+00 1.144569792203513403e+00
1.244025294016002370e+00 1.134440545917715593e+00
1.216245643786738162e+00 1.124262380794127214e+00
1.187380025148166762e+00 1.114044071503224487e+00
1.157563190820869892e+00 1.103792190777768578e+00
1.126931497620213607e+00 1.093511660573143640e+00
1.095622699230548003e+00 1.083206136904687700e+00
1.063775641954341822e+00 1.072878278393659457e+00
1.031529881115271552e+00 1.062529931383599413e+00
9.990252320360150096e-01 1.052162253075880072e+00
9.664012661383196701e-01 1.041775786311230689e+00
9.337967597390532948e-01 1.031370493990469095e+00
9.013491004344988955e-01 1.020945756735735177e+00
8.691936534256081703e-01 1.010500333549147367e+00
8.374630875760199489e-01 1.000032281344725105e+00
8.062866582499939039e-01 9.895388247200216369e-01
7.757894409018842863e-01 9.790161614784838040e-01
7.460915058854034054e-01 9.684591812195321170e-01
7.173070210602867647e-01 9.578610622999077506e-01
6.895432648815258414e-01 9.472126943422268797e-01
6.628995299664095509e-01 9.365018456164911909e-01
6.374658987314119063e-01 9.257119513907323682e-01
6.133218858931110962e-01 9.148203320893737445e-01
5.905349841650679998e-01 9.037955464433382602e-01
5.691592567317328433e-01 8.925934300092250862e-01
5.492343747049966973e-01 8.811511561544359550e-01
5.307860720602731730e-01 8.693784234053015814e-01
5.138302226048376831e-01 8.571448292976547867e-01
4.983851876002404202e-01 8.442633736285868329e-01
4.845011786333436321e-01 8.304739576779335275e-01
4.723193486209674719e-01 8.154424480260269448e-01
4.621661160166703475e-01 7.988158262136795251e-01
4.546399101042212232e-01 7.803981602201069956e-01
4.505432729090701471e-01 7.604513716772766108e-01
4.505094606676063318e-01 7.398786833150640119e-01
4.545444126088523662e-01 7.199130043225425712e-01
4.620218853168169826e-01 7.014669380810821808e-01
4.721382740243030840e-01 6.848121940215352588e-01
4.842906198756076197e-01 6.697576527978902350e-01
4.981486498213498759e-01 6.559510247789801518e-01
5.135690514014162877e-01 6.430572016353049980e-01
5.305007127401406564e-01 6.308148185380895168e-01
5.489250534951768401e-01 6.190358155542211582e-01
5.688262891474589189e-01 6.075890168881479259e-01
5.901788913922376700e-01 5.963835857158706899e-01
6.129434234013563243e-01 5.853563312741091318e-01
6.370660485615463609e-01 5.744628416524834025e-01
6.624794800656772509e-01 5.636715061031992713e-01
6.891043854113156897e-01 5.529595275688359290e-01
7.168508415151355617e-01 5.423102586927402990e-01
7.456196942339461398e-01 5.317114087047907223e-01
7.753037848949384525e-01 5.211538243145298344e-01
8.057890486603530578e-01 5.106306521054964076e-01
8.369555030421550468e-01 5.001367576608805043e-01
8.686781465920063727e-01 4.896683201897380489e-01
9.008277851392462177e-01 4.792225494696643606e-01
9.332717990638401684e-01 4.687974901732219757e-01
9.658748611961250896e-01 4.583918907365260864e-01
9.984996114247092214e-01 4.480051221705849684e-01
1.031007291011992510e+00 4.376371381002900351e-01
1.063258336867886289e+00 4.272884718408396787e-01
1.095112933469712058e+00 4.169602702077347955e-01
1.126431517577677566e+00 4.066543675969366833e-01
1.157075228217403051e+00 3.963734082498484579e-01
1.187117009051657179e+00 3.860480835986170867e-01
1.193502376213868343e+00 3.838387854617795192e-01
1.199887743376079285e+00 3.815966782063804352e-01
1.206273110538290450e+00 3.793250613899341595e-01
1.212658477700501392e+00 3.770272345700109717e-01
1.219043844862712556e+00 3.747064973041722702e-01
1.225429212024923720e+00 3.723661491499874465e-01
1.231814579187134662e+00 3.700094896650205634e-01
1.238199946349345826e+00 3.676398184068374597e-01
1.244585313511556990e+00 3.652604349330057509e-01
1.250970680673767932e+00 3.628746388010877233e-01
1.257356047835979096e+00 3.604857295686474394e-01
1.263741414998190038e+00 3.580970067932578438e-01
1.270126782160401202e+00 3.557117700324776699e-01
1.276512149322612366e+00 3.533333188438745331e-01
1.282897516484823308e+00 3.509649527850160489e-01
1.289282883647034472e+00 3.486099714134645033e-01
1.295668250809245414e+00 3.462716742867910646e-01
1.302053617971456578e+00 3.439533609625544663e-01
1.308438985133667742e+00 3.416583309983258765e-01
1.314824352295878684e+00 3.393898839516693577e-01
1.321209719458089848e+00 3.371513193801471964e-01
1.327595086620300791e+00 3.349459368413323368e-01
1.333980453782511955e+00 3.327770358927852890e-01
1.340365820944723119e+00 3.306479160920736682e-01
1.346751188106934061e+00 3.285618769967597608e-01
1.353136555269145225e+00 3.265222181644129584e-01
1.359521922431356167e+00 3.245322391525955474e-01
1.365907289593567331e+00 3.225952395188769195e-01
1.372292656755778495e+00 3.207145188208175846e-01
1.378678023917989437e+00 3.188933766159904870e-01
1.385063391080200601e+00 3.171351124619561368e-01
1.391448758242411765e+00 3.154430259162821493e-01
1.397834125404622707e+00 3.138204165365325871e-01
1.404219492566833871e+00 3.122705838802750655e-01
1.410604859729045035e+00 3.107968275050754237e-01
1.416990226891255977e+00 3.094024469684995005e-01
1.423375594053467141e+00 3.080907418281078058e-01
1.429760961215678083e+00 3.068650116414732842e-01
1.436146328377889247e+00 3.057285559661528929e-01
1.442531695540100412e+00 3.046846743597195761e-01
1.448917062702311354e+00 3.037366663797409494e-01
1.455302429864522518e+00 3.028878315837757462e-01
1.461687797026733460e+00 3.021414695293969110e-01
1.468073164188944624e+00 3.015008797741596247e-01
1.474458531351155788e+00 3.009693618756386080e-01
1.480843898513366730e+00 3.005502153913979235e-01
1.487229265675577894e+00 3.002467398789998576e-01
1.493614632837788836e+00 3.000622348960138019e-01
1.500000000000000000e+00 2.999999999999999889e-01
1.520408163265306145e+00 2.999999999999999889e-01
1.540816326530612290e+00 2.999999999999999889e-01
1.561224489795918435e+00 2.999999999999999889e-01
1.581632653061224580e+00 2.999999999999999889e-01
1.602040816326530503e+00 2.999999999999999889e-01
1.622448979591836649e+00 2.999999999999999889e-01
1.642857142857142794e+00 2.999999999999999889e-01
1.663265306122448939e+00 2.999999999999999889e-01
1.683673469387755084e+00 2.999999999999999889e-01
1.704081632653061229e+00 2.999999999999999889e-01
1.724489795918367374e+00 2.999999999999999889e-01
1.744897959183673519e+00 2.999999999999999889e-01
1.765306122448979664e+00 2.999999999999999889e-01
1.785714285714285587e+00 2.999999999999999889e-01
1.806122448979591733e+00 2.999999999999999889e-01
1.826530612244897878e+00 2.999999999999999889e-01
1.846938775510204023e+00 2.999999999999999889e-01
1.867346938775510168e+00 2.999999999999999889e-01
1.887755102040816313e+00 2.999999999999999889e-01
1.908163265306122458e+00 2.999999999999999889e-01
1.928571428571428603e+00 2.999999999999999889e-01
1.948979591836734748e+00 2.999999999999999889e-01
1.969387755102040671e+00 2.999999999999999889e-01
1.989795918367347038e+00 2.999999999999999889e-01
2.010204081632652962e+00 2.999999999999999889e-01
2.030612244897959329e+00 2.999999999999999889e-01
2.051020408163265252e+00 2.999999999999999889e-01
2.071428571428571175e+00 2.999999999999999889e-01
2.091836734693877542e+00 2.999999999999999889e-01
2.112244897959183465e+00 2.999999999999999889e-01
2.132653061224489832e+00 2.999999999999999889e-01
2.153061224489795755e+00 2.999999999999999889e-01
2.173469387755102122e+00 2.999999999999999889e-01
2.193877551020408045e+00 2.999999999999999889e-01
2.214285714285714413e+00 2.999999999999999889e-01
2.234693877551020336e+00 2.999999999999999889e-01
2.255102040816326259e+00 2.999999999999999889e-01
2.275510204081632626e+00 2.999999999999999889e-01
2.295918367346938549e+00 2.999999999999999889e-01
2.316326530612244916e+00 2.999999999999999889e-01
2.336734693877550839e+00 2.999999999999999889e-01
2.357142857142857206e+00 2.999999999999999889e-01
2.377551020408163129e+00 2.999999999999999889e-01
2.397959183673469497e+00 2.999999999999999889e-01
2.418367346938775420e+00 2.999999999999999889e-01
2.438775510204081343e+00 2.999999999999999889e-01
2.459183673469387710e+00 2.999999999999999889e-01
2.479591836734694077e+00 2.999999999999999889e-01
2.500000000000000000e+00 2.999999999999999889e-01
