50
-1.853553390593273731e+00 2.535533905932737531e-01
-1.853553390593273731e+00 2.515125742667431163e-01
-1.853553390593273731e+00 2.494717579402125351e-01
-1.853553390593273731e+00 2.474309416136819262e-01
-1.853553390593273731e+00 2.453901252871513172e-01
-1.853553390593273731e+00 2.433493089606206805e-01
-1.853553390593273731e+00 2.413084926340900715e-01
-1.853553390593273731e+00 2.392676763075594626e-01
-1.853553390593273731e+00 2.372268599810288536e-01
-1.853553390593273731e+00 2.351860436544982447e-01
-1.853553390593273731e+00 2.331452273279676357e-01
-1.853553390593273731e+00 2.311044110014370268e-01
-1.853553390593273731e+00 2.290635946749064178e-01
-1.853553390593273731e+00 2.270227783483758088e-01
-1.853553390593273731e+00 2.249819620218451721e-01
-1.853553390593273731e+00 2.229411456953145632e-01
-1.853553390593273731e+00 2.209003293687839542e-01
-1.853553390593273731e+00 2.188595130422533452e-01
-1.853553390593273731e+00 2.168186967157227363e-01
-1.853553390593273731e+00 2.147778803891921273e-01
-1.853553390593273731e+00 2.127370640626615184e-01
-1.853553390593273731e+00 2.106962477361309094e-01
-1.853553390593273731e+00 2.086554314096003004e-01
-1.853553390593273731e+00 2.066146150830696637e-01
-1.853553390593273731e+00 2.045737987565390825e-01
-1.853553390593273731e+00 2.025329824300084458e-01
-1.853553390593273731e+00 2.004921661034778368e-01
-1.853553390593273731e+00 1.984513497769472279e-01
-1.853553390593273731e+00 1.964105334504166189e-01
-1.853553390593273731e+00 1.943697171238860100e-01
-1.853553390593273731e+00 1.923289007973554010e-01
-1.853553390593273731e+00 1.902880844708247920e-01
-1.853553390593273731e+00 1.882472681442941553e-01
-1.853553390593273731e+00 1.862064518177635741e-01
-1.853553390593273731e+00 1.841656354912329374e-01
-1.853553390593273731e+00 1.821248191647023285e-01
-1.853553390593273731e+00 1.800840028381717195e-01
-1.853553390593273731e+00 1.780431865116411105e-01
-1.853553390593273731e+00 1.760023701851105016e-01
-1.853553390593273731e+00 1.739615538585798649e-01
-1.853553390593273731e+00 1.719207375320492837e-01
-1.853553390593273731e+00 1.698799212055186469e-01
-1.853553390593273731e+00 1.678391048789880657e-01
-1.853553390593273731e+00 1.657982885524574290e-01
-1.853553390593273731e+00 1.637574722259268201e-01
-1.853553390593273731e+00 1.617166558993962111e-01
-1.853553390593273731e+00 1.596758395728656021e-01
-1.853553390593273731e+00 1.576350232463349932e-01
-1.853553390593273731e+00 1.555942069198043842e-01
-1.853553390593273731e+00 1.535533905932737753e-01
