100
-1.853553390593273731e+00 1.535533905932737753e-01
-1.847358423438308916e+00 1.473584234383090164e-01
-1.841163456283344102e+00 1.411634562833442297e-01
-1.834968489128379510e+00 1.349684891283794708e-01
-1.828773521973414695e+00 1.287735219734146841e-01
-1.822578554818449881e+00 1.225785548184499252e-01
-1.816383587663485066e+00 1.163835876634851524e-01
-1.810188620508520252e+00 1.101886205085203796e-01
-1.803993653353555660e+00 1.039936533535556207e-01
-1.797798686198590845e+00 9.779868619859083401e-02
-1.791603719043626031e+00 9.160371904362607509e-02
-1.785408751888661216e+00 8.540875188866130230e-02
-1.779213784733696402e+00 7.921378473369652951e-02
-1.773018817578731809e+00 7.301881757873175671e-02
-1.766823850423766995e+00 6.682385042376699780e-02
-1.760628883268802181e+00 6.062888326880222500e-02
-1.754433916113837366e+00 5.443391611383745221e-02
-1.748238948958872552e+00 4.823894895887267942e-02
-1.742043981803907959e+00 4.204398180390790662e-02
-1.735849014648943145e+00 3.584901464894314771e-02
-1.729654047493978331e+00 2.965404749397837492e-02
-1.723459080339013516e+00 2.345908033901358825e-02
-1.717264113184048924e+00 1.726411318404882933e-02
-1.711069146029084109e+00 1.106914602908407042e-02
-1.704874178874119295e+00 4.874178874119283744e-03
-1.698679211719154480e+00 -1.320788280845475171e-03
-1.692484244564189666e+00 -7.515755435810261842e-03
-1.686289277409224852e+00 -1.371072259077502076e-02
-1.680094310254260259e+00 -1.990568974573977967e-02
-1.673899343099295445e+00 -2.610065690070456634e-02
-1.667704375944330630e+00 -3.229562405566932526e-02
-1.661509408789365816e+00 -3.849059121063411193e-02
-1.655314441634401224e+00 -4.468555836559887084e-02
-1.649119474479436409e+00 -5.088052552056362976e-02
-1.642924507324471595e+00 -5.707549267552841643e-02
-1.636729540169506780e+00 -6.327045983049317535e-02
-1.630534573014541966e+00 -6.946542698545796202e-02
-1.624339605859577151e+00 -7.566039414042272093e-02
-1.618144638704612559e+00 -8.185536129538747985e-02
-1.611949671549647745e+00 -8.805032845035226652e-02
-1.605754704394682930e+00 -9.424529560531702543e-02
-1.599559737239718116e+00 -1.004402627602817843e-01
-1.593364770084753523e+00 -1.066352299152465988e-01
-1.587169802929788709e+00 -1.128301970702113577e-01
-1.580974835774823894e+00 -1.190251642251761166e-01
-1.574779868619859080e+00 -1.252201313801408755e-01
-1.568584901464894266e+00 -1.314150985351056344e-01
-1.562389934309929451e+00 -1.376100656900704489e-01
-1.556194967154964859e+00 -1.438050328450352078e-01
-1.550000000000000044e+00 -1.499999999999999667e-01
-1.550000000000000044e+00 -1.499999999999999667e-01
-1.556194967154964859e+00 -1.561949671549647256e-01
-1.562389934309929673e+00 -1.623899343099295123e-01
-1.568584901464894266e+00 -1.685849014648942712e-01
-1.574779868619859080e+00 -1.747798686198590579e-01
-1.580974835774823894e+00 -1.809748357748238168e-01
-1.587169802929788709e+00 -1.871698029297885757e-01
-1.593364770084753523e+00 -1.933647700847533624e-01
-1.599559737239718116e+00 -1.995597372397181213e-01
-1.605754704394682930e+00 -2.057547043946829080e-01
-1.611949671549647745e+00 -2.119496715496476669e-01
-1.618144638704612559e+00 -2.181446387046124258e-01
-1.624339605859577373e+00 -2.243396058595772125e-01
-1.630534573014541966e+00 -2.305345730145419991e-01
-1.636729540169506780e+00 -2.367295401695067580e-01
-1.642924507324471595e+00 -2.429245073244715170e-01
-1.649119474479436409e+00 -2.491194744794362759e-01
-1.655314441634401224e+00 -2.553144416344010903e-01
-1.661509408789365816e+00 -2.615094087893658492e-01
-1.667704375944330630e+00 -2.677043759443306081e-01
-1.673899343099295445e+00 -2.738993430992953670e-01
-1.680094310254260259e+00 -2.800943102542601260e-01
-1.686289277409224852e+00 -2.862892774092249404e-01
-1.692484244564189666e+00 -2.924842445641896438e-01
-1.698679211719154480e+00 -2.986792117191544582e-01
-1.704874178874119295e+00 -3.048741788741192171e-01
-1.711069146029084109e+00 -3.110691460290839760e-01
-1.717264113184048924e+00 -3.172641131840487905e-01
-1.723459080339013516e+00 -3.234590803390134939e-01
-1.729654047493978331e+00 -3.296540474939783083e-01
-1.735849014648943145e+00 -3.358490146489430672e-01
-1.742043981803907959e+00 -3.420439818039078261e-01
-1.748238948958872552e+00 -3.482389489588726406e-01
-1.754433916113837366e+00 -3.544339161138373440e-01
-1.760628883268802181e+00 -3.606288832688021584e-01
-1.766823850423766995e+00 -3.668238504237669173e-01
-1.773018817578731809e+00 -3.730188175787316762e-01
-1.779213784733696624e+00 -3.792137847336964906e-01
-1.785408751888661216e+00 -3.854087518886611941e-01
-1.791603719043626031e+00 -3.916037190436260085e-01
-1.797798686198590845e+00 -3.977986861985907674e-01
-1.803993653353555660e+00 -4.039936533535555263e-01
-1.810188620508520252e+00 -4.101886205085203407e-01
-1.816383587663485066e+00 -4.163835876634850997e-01
-1.822578554818449881e+00 -4.225785548184498586e-01
-1.828773521973414695e+00 -4.287735219734146175e-01
-1.834968489128379510e+00 -4.349684891283793764e-01
-1.841163456283344324e+00 -4.411634562833441908e-01
-1.847358423438308916e+00 -4.473584234383089497e-01
-1.853553390593273731e+00 -4.535533905932737087e-01
