50
2.500000000000000000e+00 2.999999999999999889e-01
2.500000000000000000e+00 3.020408163265306256e-01
2.500000000000000000e+00 3.040816326530612068e-01
2.500000000000000000e+00 3.061224489795918435e-01
2.500000000000000000e+00 3.081632653061224247e-01
2.500000000000000000e+00 3.102040816326530615e-01
2.500000000000000000e+00 3.122448979591836427e-01
2.500000000000000000e+00 3.142857142857142794e-01
2.500000000000000000e+00 3.163265306122449161e-01
2.500000000000000000e+00 3.183673469387754973e-01
2.500000000000000000e+00 3.204081632653061340e-01
2.500000000000000000e+00 3.224489795918367152e-01
2.500000000000000000e+00 3.244897959183673519e-01
2.500000000000000000e+00 3.265306122448979331e-01
2.500000000000000000e+00 3.285714285714285698e-01
2.500000000000000000e+00 3.306122448979592066e-01
2.500000000000000000e+00 3.326530612244897878e-01
2.500000000000000000e+00 3.346938775510204245e-01
2.500000000000000000e+00 3.367346938775510057e-01
2.500000000000000000e+00 3.387755102040816424e-01
2.500000000000000000e+00 3.408163265306122236e-01
2.500000000000000000e+00 3.428571428571428603e-01
2.500000000000000000e+00 3.448979591836734970e-01
2.500000000000000000e+00 3.469387755102040782e-01
2.500000000000000000e+00 3.489795918367347149e-01
2.500000000000000000e+00 3.510204081632652962e-01
2.500000000000000000e+00 3.530612244897959329e-01
2.500000000000000000e+00 3.551020408163265141e-01
2.500000000000000000e+00 3.571428571428571508e-01
2.500000000000000000e+00 3.591836734693877320e-01
2.500000000000000000e+00 3.612244897959183687e-01
2.500000000000000000e+00 3.632653061224490054e-01
2.500000000000000000e+00 3.653061224489795866e-01
2.500000000000000000e+00 3.673469387755102233e-01
2.500000000000000000e+00 3.693877551020408045e-01
2.500000000000000000e+00 3.714285714285714413e-01
2.500000000000000000e+00 3.734693877551020780e-01
2.500000000000000000e+00 3.755102040816326592e-01
2.500000000000000000e+00 3.775510204081632959e-01
2.500000000000000000e+00 3.795918367346938771e-01
2.500000000000000000e+00 3.816326530612245138e-01
2.500000000000000000e+00 3.836734693877551505e-01
2.500000000000000000e+00 3.857142857142857317e-01
2.500000000000000000e+00 3.877551020408163129e-01
2.500000000000000000e+00 3.897959183673469497e-01
2.500000000000000000e+00 3.918367346938775864e-01
2.500000000000000000e+00 3.938775510204081676e-01
2.500000000000000000e+00 3.959183673469388043e-01
2.500000000000000000e+00 3.979591836734693855e-01
2.500000000000000000e+00 4.000000000000000222e-01
