50
-1.853553390593273731e+00 -4.535533905932737087e-01
-1.853553390593273731e+00 -4.555942069198043454e-01
-1.853553390593273731e+00 -4.576350232463349266e-01
-1.853553390593273731e+00 -4.596758395728655633e-01
-1.853553390593273731e+00 -4.617166558993961445e-01
-1.853553390593273731e+00 -4.637574722259267812e-01
-1.853553390593273731e+00 -4.657982885524573624e-01
-1.853553390593273731e+00 -4.678391048789879991e-01
-1.853553390593273731e+00 -4.698799212055185803e-01
-1.853553390593273731e+00 -4.719207375320492170e-01
-1.853553390593273731e+00 -4.739615538585798538e-01
-1.853553390593273731e+00 -4.760023701851104350e-01
-1.853553390593273731e+00 -4.780431865116410717e-01
-1.853553390593273731e+00 -4.800840028381716529e-01
-1.853553390593273731e+00 -4.821248191647022896e-01
-1.853553390593273731e+00 -4.841656354912328708e-01
-1.853553390593273731e+00 -4.862064518177635075e-01
-1.853553390593273731e+00 -4.882472681442940887e-01
-1.853553390593273731e+00 -4.902880844708247254e-01
-1.853553390593273731e+00 -4.923289007973553622e-01
-1.853553390593273731e+00 -4.943697171238859434e-01
-1.853553390593273731e+00 -4.964105334504165801e-01
-1.853553390593273731e+00 -4.984513497769471613e-01
-1.853553390593273731e+00 -5.004921661034777980e-01
-1.853553390593273731e+00 -5.025329824300084347e-01
-1.853553390593273731e+00 -5.045737987565389604e-01
-1.853553390593273731e+00 -5.066146150830695971e-01
-1.853553390593273731e+00 -5.086554314096002338e-01
-1.853553390593273731e+00 -5.106962477361308705e-01
-1.853553390593273731e+00 -5.127370640626615073e-01
-1.853553390593273731e+00 -5.147778803891920330e-01
-1.853553390593273731e+00 -5.168186967157226697e-01
-1.853553390593273731e+00 -5.188595130422533064e-01
-1.853553390593273731e+00 -5.209003293687839431e-01
-1.853553390593273731e+00 -5.229411456953144688e-01
-1.853553390593273731e+00 -5.249819620218451055e-01
-1.853553390593273731e+00 -5.270227783483757422e-01
-1.853553390593273731e+00 -5.290635946749063789e-01
-1.853553390593273731e+00 -5.311044110014369046e-01
-1.853553390593273731e+00 -5.331452273279675413e-01
-1.853553390593273731e+00 -5.351860436544981781e-01
-1.853553390593273731e+00 -5.372268599810288148e-01
-1.853553390593273731e+00 -5.392676763075594515e-01
-1.853553390593273731e+00 -5.413084926340899772e-01
-1.853553390593273731e+00 -5.433493089606206139e-01
-1.853553390593273731e+00 -5.453901252871512506e-01
-1.853553390593273731e+00 -5.474309416136818873e-01
-1.853553390593273731e+00 -5.494717579402124130e-01
-1.853553390593273731e+00 -5.515125742667430497e-01
-1.853553390593273731e+00 -5.535533905932736864e-01
