943
2.500000000000000000e+00 4.000000000000000222e-01
2.479591836734694077e+00 4.000000000000000222e-01
2.459183673469387710e+00 4.000000000000000222e-01
2.438775510204081343e+00 4.000000000000000222e-01
2.418367346938775420e+00 4.000000000000000222e-01
2.397959183673469497e+00 4.000000000000000222e-01
2.377551020408163129e+00 4.000000000000000222e-01
2.357142857142857206e+00 4.000000000000000222e-01
2.336734693877550839e+00 4.000000000000000222e-01
2.316326530612244916e+00 4.000000000000000222e-01
2.295918367346938549e+00 4.000000000000000222e-01
2.275510204081632626e+00 4.000000000000000222e-01
2.255102040816326259e+00 4.000000000000000222e-01
2.234693877551020336e+00 4.000000000000000222e-01
2.214285714285714413e+00 4.000000000000000222e-01
2.193877551020408045e+00 4.000000000000000222e-01
2.173469387755102122e+00 4.000000000000000222e-01
2.153061224489795755e+00 4.000000000000000222e-01
2.132653061224489832e+00 4.000000000000000222e-01
2.112244897959183465e+00 4.000000000000000222e-01
2.091836734693877542e+00 4.000000000000000222e-01
2.071428571428571175e+00 4.000000000000000222e-01
2.051020408163265252e+00 4.000000000000000222e-01
2.030612244897959329e+00 4.000000000000000222e-01
2.010204081632652962e+00 4.000000000000000222e-01
1.989795918367347038e+00 4.000000000000000222e-01
1.969387755102040671e+00 4.000000000000000222e-01
1.948979591836734748e+00 4.000000000000000222e-01
1.928571428571428603e+00 4.000000000000000222e-01
1.908163265306122458e+00 4.000000000000000222e-01
1.887755102040816313e+00 4.000000000000000222e-01
1.867346938775510168e+00 4.000000000000000222e-01
1.846938775510204023e+00 4.000000000000000222e-01
1.826530612244897878e+00 4.000000000000000222e-01
1.806122448979591733e+00 4.000000000000000222e-01
1.785714285714285587e+00 4.000000000000000222e-01
1.765306122448979664e+00 4.000000000000000222e-01
1.744897959183673519e+00 4.000000000000000222e-01
1.724489795918367374e+00 4.000000000000000222e-01
1.704081632653061229e+00 4.000000000000000222e-01
1.683673469387755084e+00 4.000000000000000222e-01
1.663265306122448939e+00 4.000000000000000222e-01
1.642857142857142794e+00 4.000000000000000222e-01
1.622448979591836649e+00 4.000000000000000222e-01
1.602040816326530503e+00 4.000000000000000222e-01
1.581632653061224580e+00 4.000000000000000222e-01
1.561224489795918435e+00 4.000000000000000222e-01
1.540816326530612290e+00 4.000000000000000222e-01
1.520408163265306145e+00 4.000000000000000222e-01
1.500000000000000000e+00 4.000000000000000222e-01
1.494277951714778396e+00 4.000588290076283471e-01
1.488555903429556793e+00 4.002332117035329873e-01
1.482833855144335189e+00 4.005199915975587999e-01
1.477111806859113585e+00 4.009160121994739256e-01
1.471389758573892204e+00 4.014181170190731507e-01
1.465667710288670600e+00 4.020231495661370502e-01
1.459945662003448996e+00 4.027279533504373177e-01
1.454223613718227393e+00 4.035293718817580810e-01
1.448501565433005789e+00 4.044242486698923500e-01
1.442779517147784185e+00 4.054094272246064889e-01
1.437057468862562803e+00 4.064817510556952840e-01
1.431335420577341200e+00 4.076380636729268758e-01
1.425613372292119596e+00 4.088752085860978269e-01
1.419891324006897992e+00 4.101900293049798307e-01
1.414169275721676389e+00 4.115793693393516861e-01
1.408447227436454785e+00 4.130400721990028501e-01
1.402725179151233181e+00 4.145689813937138979e-01
1.397003130866011578e+00 4.161629404332600757e-01
1.391281082580790196e+00 4.178187928274361695e-01
1.385559034295568592e+00 4.195333820860049912e-01
1.379836986010346989e+00 4.213035517187648793e-01
1.374114937725125385e+00 4.231261452354910801e-01
1.368392889439903781e+00 4.249980061459623926e-01
1.362670841154682178e+00 4.269159779599611682e-01
1.356948792869460796e+00 4.288769041872750876e-01
1.351226744584239192e+00 4.308776283376758443e-01
1.345504696299017589e+00 4.329149939209528952e-01
1.339782648013795985e+00 4.349858444468850394e-01
1.334060599728574381e+00 4.370870234252528519e-01
1.328338551443352777e+00 4.392153743658440135e-01
1.322616503158131174e+00 4.413677407784284412e-01
1.316894454872909792e+00 4.435409661728009212e-01
1.311172406587688188e+00 4.457318940587349232e-01
1.305450358302466585e+00 4.479373679460145752e-01
1.299728310017244981e+00 4.501542313444168997e-01
1.294006261732023377e+00 4.523793277637331300e-01
1.288284213446801774e+00 4.546095007137349597e-01
1.282562165161580170e+00 4.568415937042082930e-01
1.276840116876358788e+00 4.590724502449372579e-01
1.271118068591137185e+00 4.612989138456988769e-01
1.265396020305915581e+00 4.635178280162808306e-01
1.259673972020693977e+00 4.657260362664583653e-01
1.253951923735472374e+00 4.679203821060138324e-01
1.248229875450250770e+00 4.700977090447295836e-01
1.242507827165029166e+00 4.722548605923861942e-01
1.236785778879807784e+00 4.743886802587677920e-01
1.231063730594586181e+00 4.764960115536567287e-01
1.225341682309364577e+00 4.785736979868300267e-01
1.219619634024142973e+00 4.806185830680496096e-01
1.189226961253420534e+00 4.910637776797998066e-01
1.157962224724443656e+00 5.015533375956930939e-01
1.126161873949615089e+00 5.120179542478766610e-01
1.093955706099364766e+00 5.224602718777533461e-01
1.061476824862844115e+00 5.328821248812845024e-01
1.028860929856509898e+00 5.432846600739711374e-01
9.962456486425884661e-01 5.536684107710116987e-01
9.637699088203489639e-01 5.640333305972973221e-01
9.315733503613685684e-01 5.743787905638365610e-01
8.997957809075627367e-01 5.847035391067443300e-01
8.685766793008905529e-01 5.950056208985835537e-01
8.380547553287711615e-01 6.052822457169491077e-01
8.083675766960931597e-01 6.155295927708973602e-01
7.796512776692217095e-01 6.257425276436179296e-01
7.520403676358450307e-01 6.359141969186500321e-01
7.256676615934001262e-01 6.460354473055358593e-01
7.006643570947095334e-01 6.560939880341541963e-01
6.771602803139777915e-01 6.660731717478515224e-01
6.552843102315669688e-01 6.759502013892074723e-01
6.351649475213094753e-01 6.856934662104273714e-01
6.169308857032291815e-01 6.952585543011318148e-01
6.007111838172654039e-01 7.045822748980400396e-01
5.866340579791935461e-01 7.135737911771533604e-01
5.748220622482963504e-01 7.221019273429193364e-01
5.653789601968961520e-01 7.299786234622258618e-01
5.583594684581814072e-01 7.369425147062974579e-01
5.537091372287729074e-01 7.426584927456338914e-01
5.511692120307093434e-01 7.467742679490684266e-01
5.501906040842055035e-01 7.490987209705897154e-01
5.500057009109897699e-01 7.499035612410499541e-01
5.500062204001616717e-01 7.501013921418188124e-01
5.501979556518665770e-01 7.509251228619698848e-01
5.511959099616297042e-01 7.532779761313790345e-01
5.537663432934947227e-01 7.574218735820132942e-01
5.584535281795052208e-01 7.631608831930881687e-01
5.655120821428684108e-01 7.701419865054163205e-01
5.749940186034407930e-01 7.780310500993300460e-01
5.868434504960394760e-01 7.865679752546649306e-01
6.009561328712256234e-01 7.955657617685120142e-01
6.172093476249116417e-01 8.048940071767043403e-01
6.354748410205544040e-01 8.144624100055728455e-01
6.556235560876457757e-01 8.242081436225190405e-01
6.775268057285557255e-01 8.340870435841418740e-01
7.010560880296521358e-01 8.440676686213645086e-01
7.260825129627328511e-01 8.541273391586104990e-01
7.524762351316029996e-01 8.642494904639113074e-01
7.801060323692393661e-01 8.744218908072683982e-01
8.088390625331033368e-01 8.846354298112983905e-01
8.385407891165772565e-01 8.948832858327420148e-01
8.690750529183900452e-01 9.051603484710201153e-01
9.003042652595197870e-01 9.154628155295794212e-01
9.320897007907097409e-01 9.257879116059732905e-01
9.642918717095750880e-01 9.361336936142208298e-01
9.967709690006094636e-01 9.464989205564409147e-01
1.029387359739117214e+00 9.568829730547732115e-01
1.062002132520948106e+00 9.672858140100354385e-01
1.094477685791140242e+00 9.777079862629567408e-01
1.126678356393364222e+00 9.881506470149101773e-01
1.158471088210954569e+00 9.986156426094353611e-01
1.189726143482479293e+00 1.009105631667792213e+00
1.220317862400540854e+00 1.019624270205317984e+00
1.250125480048721371e+00 1.030176480177396936e+00
1.279034013583463025e+00 1.040768834316790237e+00
1.306935236503175224e+00 1.051410107293974106e+00
1.333728759809730047e+00 1.062112069561966798e+00
1.359323239110669990e+00 1.072890641079368823e+00
1.383637715670497093e+00 1.083767585648294451e+00
1.406603063037282997e+00 1.094773024743938450e+00
1.428163415414311466e+00 1.105949197157494623e+00
1.448277225472598850e+00 1.117356097020067773e+00
1.466917080884869939e+00 1.129079859440014877e+00
1.484066288531074918e+00 1.141244855719595330e+00
1.499707983348013585e+00 1.154029774410645803e+00
1.513798623890884487e+00 1.167684633929140681e+00
1.526213437598297418e+00 1.182535338533408975e+00
1.536655895475891764e+00 1.198939173430908056e+00
1.544564180092902195e+00 1.217127603521543033e+00
1.549147781361851939e+00 1.236914784022404623e+00
1.549722247096459782e+00 1.257475331721656930e+00
1.546186909234876339e+00 1.277583101780148667e+00
1.539107172553229486e+00 1.296253792741063782e+00
1.529291320287811562e+00 1.313135458232004948e+00
1.517377944891530550e+00 1.328377672483188165e+00
1.503729059671086388e+00 1.342325194826839763e+00
1.488506178189932694e+00 1.355320429628525947e+00
1.471768178563497731e+00 1.367634895163414743e+00
1.453535669746670145e+00 1.379465292348554639e+00
1.433823836785353301e+00 1.390949142108570458e+00
1.412656600036820587e+00 1.402181684156069252e+00
1.390071525818195486e+00 1.413229105745241965e+00
1.366120628848818797e+00 1.424137854641557954e+00
1.340869535307472882e+00 1.434940934820394753e+00
1.314396106235666606e+00 1.445662108171799964e+00
1.286788977250832522e+00 1.456318699863425437e+00
1.258146183174983612e+00 1.466923484420411095e+00
1.228573914109744702e+00 1.477485966296463227e+00
1.198185401440130526e+00 1.488013258545937578e+00
1.167099916297473117e+00 1.498510691522533911e+00
1.135441860331624531e+00 1.508982237432654250e+00
1.103339930967312199e+00 1.519430806899633390e+00
1.070926347141027080e+00 1.529858454419227298e+00
1.038336125442043567e+00 1.540266516852761169e+00
1.005706400148348667e+00 1.550655700462799880e+00
9.731757837818078016e-01 1.561026125871688652e+00
9.408837675911029264e-01 1.571377335667722974e+00
9.089701639486477136e-01 1.581708265449727202e+00
8.775745951800858480e-01 1.592017175286312591e+00
8.468360359960326322e-01 1.602301534292708274e+00
8.168924196188329656e-01 1.612557845625655073e+00
7.878803210091045450e-01 1.622781391765964365e+00
7.599347343086954032e-01 1.632965869178696572e+00
7.331889654700745051e-01 1.643102865282034530e+00
7.077746641299018648e-01 1.653181105931974759e+00
6.838220186993001493e-01 1.663185363333295586e+00
6.614601295837587713e-01 1.673094854686725474e+00
6.408175440408238055e-01 1.682880869643476274e+00
6.220228523908268858e-01 1.692503225241298148e+00
6.052050430304497519e-01 1.701904949071852746e+00
5.904928518654786185e-01 1.711004353858296190e+00
5.780113361975799391e-01 1.719683530152950723e+00
5.678718546199266193e-01 1.727772782481200808e+00
5.601479805523521538e-01 1.735033283046544916e+00
5.548253656159094493e-01 1.741149148780838818e+00
5.517156127620523876e-01 1.745761322425866569e+00
5.503574471543114521e-01 1.748604460179242315e+00
5.500219059682081024e-01 1.749784094857042005e+00
5.500008053254961116e-01 1.750033360040013308e+00
5.500939868770572394e-01 1.750556607485167504e+00
5.507758852895789925e-01 1.752410483139285713e+00
5.528202499178748175e-01 1.756040547564990728e+00
5.568549334491114111e-01 1.761350549003158017e+00
5.632127388335199658e-01 1.768008124501817546e+00
5.719935372324620459e-01 1.775663911671076178e+00
5.831649974045745033e-01 1.784034979596159864e+00
5.966327793188943573e-01 1.792914569298476035e+00
6.122776528325921674e-01 1.802157678710419431e+00
6.299722371321819780e-01 1.811663851400106440e+00
6.495874868206779063e-01 1.821363344998596201e+00
6.709945919121290681e-01 1.831207297381942878e+00
6.940650493317994663e-01 1.841161054523172469e+00
7.186701445013314871e-01 1.851199713909184474e+00
7.446803604519545150e-01 1.861305150720597990e+00
7.719649077029226980e-01 1.871464020994535238e+00
8.003914291902538558e-01 1.881666407906857685e+00
8.298258789335505314e-01 1.891904894309643037e+00
8.601325538710667962e-01 1.902173921044206129e+00
8.911742542034373216e-01 1.912469339707109084e+00
9.228125493343795060e-01 1.922788100165417013e+00
9.549081300974484598e-01 1.933128033621396069e+00
9.873212318104916951e-01 1.943487705532078724e+00
1.019912116247572831e+00 1.953866321810800999e+00
1.052541603750846155e+00 1.964263678153112203e+00
1.085071649492072243e+00 1.974680147146737674e+00
1.117365960472995079e+00 1.985116701824638508e+00
1.149290652385692946e+00 1.995574978116844811e+00
1.180714948102350226e+00 2.006057382825445767e+00
1.211511922484760362e+00 2.016567258937028484e+00
1.241559301521935055e+00 2.027109127153931212e+00
1.270740327552583926e+00 2.037689032714064652e+00
1.298944706304830721e+00 2.048315041782918566e+00
1.326069654912360729e+00 2.058997954923363682e+00
1.352021070837552186e+00 2.069752341071140034e+00
1.376714834623669947e+00 2.080598051340721621e+00
1.400078232742873130e+00 2.091562458637767019e+00
1.422051413757426275e+00 2.102683800681102610e+00
1.442588612540699478e+00 2.114016193376027086e+00
1.461658466694168990e+00 2.125637117403115006e+00
1.479241848365810075e+00 2.137658350946036734e+00
1.495323776627426549e+00 2.150240978252290880e+00
1.509872570775886214e+00 2.163612855539059687e+00
1.522794816204856794e+00 2.178079243436112034e+00
1.533854800832544107e+00 2.193998196609224127e+00
1.542573472080138508e+00 2.211662863043925231e+00
1.548207138094526591e+00 2.231041774106105713e+00
1.549988866762665563e+00 2.251497096115301577e+00
1.547612829445196958e+00 2.271860701395222115e+00
1.541479467928561053e+00 2.291014136807592916e+00
1.532380036167659387e+00 2.308416016051483499e+00
1.521026752859663489e+00 2.324102218563023126e+00
1.507858258626570969e+00 2.338388070617277936e+00
1.493083281447166399e+00 2.351628267387642968e+00
1.476782179793343364e+00 2.364117032279315023e+00
1.458982140078021850e+00 2.376071519014789857e+00
1.439697857654366642e+00 2.387644581966200441e+00
1.418949929754782291e+00 2.398942185987732234e+00
1.396771759883183694e+00 2.410037834094802101e+00
1.373211210599400989e+00 2.420982941686039780e+00
1.348330086602649081e+00 2.431813905492513861e+00
1.322202848403695175e+00 2.442556830459151396e+00
1.294915150506433132e+00 2.453230682572941745e+00
1.266562433114092334e+00 2.463849403396149995e+00
1.237248638918014176e+00 2.474423341431227996e+00
1.207085062831010580e+00 2.484960231288060761e+00
1.176189319898759189e+00 2.495465870254164997e+00
1.144684411259159429e+00 2.505944589448789728e+00
1.112697869395228301e+00 2.516399583042484789e+00
1.080360967520232363e+00 2.526833137206320412e+00
1.047807981905409136e+00 2.537246786124300879e+00
1.015175499651119972e+00 2.547641412765984104e+00
1.006264770781422735e+00 2.551676854486214729e+00
9.973540419117252753e-01 2.555759808726462357e+00
9.884433130420280378e-01 2.559888930991406131e+00
9.795325841723308002e-01 2.564062876785727862e+00
9.706218553026335627e-01 2.568280301614109362e+00
9.617111264329361031e-01 2.572539860981233772e+00
9.528003975632388656e-01 2.576840210391782016e+00
9.438896686935416280e-01 2.581180005350436346e+00
9.349789398238443905e-01 2.585557901361879019e+00
9.260682109541469309e-01 2.589972553930792287e+00
9.171574820844496934e-01 2.594422618561857519e+00
9.082467532147524558e-01 2.598906750759756967e+00
8.993360243450552183e-01 2.603423606029172888e+00
8.904252954753579807e-01 2.607971839874787090e+00
8.815145666056605211e-01 2.612550107801282273e+00
8.726038377359632836e-01 2.617157065313339359e+00
8.636931088662660461e-01 2.621791367915641047e+00
8.547823799965688085e-01 2.626451671112869146e+00
8.458716511268713489e-01 2.631136630409705468e+00
8.369609222571741114e-01 2.635844901310832711e+00
8.280501933874768739e-01 2.640575139320932241e+00
8.191394645177796363e-01 2.645325999944686757e+00
8.102287356480823988e-01 2.650096138686777181e+00
8.013180067783849392e-01 2.654884211051886655e+00
7.924072779086877016e-01 2.659688872544696547e+00
7.834965490389904641e-01 2.664508778669889555e+00
7.745858201692932266e-01 2.669342584932146600e+00
7.656750912995957670e-01 2.674188946836150826e+00
7.567643624298985294e-01 2.679046519886583599e+00
7.478536335602012919e-01 2.683913959588127174e+00
7.389429046905040543e-01 2.688789921445463360e+00
7.300321758208068168e-01 2.693673060963274413e+00
7.211214469511093572e-01 2.698562033646242142e+00
7.122107180814121197e-01 2.703455494999049247e+00
7.032999892117148821e-01 2.708352100526376649e+00
6.943892603420176446e-01 2.713250505732907492e+00
6.854785314723204070e-01 2.718149366123322697e+00
6.765678026026229475e-01 2.723047337202305407e+00
6.676570737329257099e-01 2.727943074474536544e+00
6.587463448632284724e-01 2.732835233444698808e+00
6.498356159935312348e-01 2.737722469617474452e+00
6.409248871238337752e-01 2.742603438497544843e+00
6.320141582541365377e-01 2.747476795589592236e+00
6.231034293844393002e-01 2.752341196398298440e+00
6.141927005147420626e-01 2.757195296428346154e+00
6.052819716450448251e-01 2.762037751184416745e+00
5.963712427753473655e-01 2.766867216171192911e+00
5.874605139056501280e-01 2.771682346893356019e+00
5.785497850359528904e-01 2.776481798855588323e+00
5.696390561662556529e-01 2.781264227562571634e+00
5.607283272965581933e-01 2.786028288518988649e+00
5.518175984268609557e-01 2.790772637229520292e+00
5.429068695571637182e-01 2.795495929198849705e+00
5.339961406874664807e-01 2.800196819931658254e+00
5.250854118177692431e-01 2.804873964932628194e+00
5.161746829480717835e-01 2.809526019706441780e+00
5.072639540783745460e-01 2.814151639757780377e+00
4.983532252086772529e-01 2.818749480591326684e+00
4.894424963389800154e-01 2.823318197711762068e+00
4.805317674692826668e-01 2.827856446623769227e+00
4.716210385995854293e-01 2.832362882832029527e+00
4.627103097298880807e-01 2.836836161841225668e+00
4.537995808601908432e-01 2.841274939156039014e+00
4.448888519904936056e-01 2.845677870281152266e+00
4.359781231207962571e-01 2.850043610721246790e+00
4.270673942510990195e-01 2.854370815981005283e+00
4.181566653814016710e-01 2.858658141565109112e+00
4.092459365117044334e-01 2.862904242978240532e+00
4.003352076420070849e-01 2.867107775725081797e+00
3.914244787723098473e-01 2.871267395310314718e+00
3.825137499026124988e-01 2.875381757238621550e+00
3.736030210329152612e-01 2.879449517014683657e+00
3.646922921632179126e-01 2.883469330143183740e+00
3.557815632935206751e-01 2.887439852128804052e+00
3.468708344238234376e-01 2.891359738476225516e+00
3.379601055541260890e-01 2.895227644690131275e+00
3.290493766844288515e-01 2.899042226275202694e+00
3.201386478147315029e-01 2.902802138736122028e+00
3.112279189450342654e-01 2.906506037577571089e+00
3.023171900753369168e-01 2.910152578304232129e+00
2.934064612056396792e-01 2.913740416420787405e+00
2.844957323359423307e-01 2.917268207431918281e+00
2.755850034662450931e-01 2.920734606842307457e+00
2.666742745965477446e-01 2.924138270156636743e+00
2.577635457268505070e-01 2.927477852879587950e+00
2.488528168571532695e-01 2.930752010515842887e+00
2.399420879874559209e-01 2.933959398570084254e+00
2.310313591177586834e-01 2.937098672546993861e+00
2.221206302480613348e-01 2.940168487951253518e+00
2.132099013783640973e-01 2.943167500287545035e+00
2.042991725086667487e-01 2.946094365060551112e+00
1.953884436389695112e-01 2.948947737774953115e+00
1.864777147692722181e-01 2.951726273935433742e+00
1.775669858995749251e-01 2.954428629046674359e+00
1.686562570298776320e-01 2.957053458613357222e+00
1.597455281601803390e-01 2.959599418140164584e+00
1.508347992904830459e-01 2.962065163131778256e+00
1.419240704207857529e-01 2.964449349092880048e+00
1.330133415510884598e-01 2.966750631528152216e+00
1.241026126813911667e-01 2.968967665942277012e+00
1.151918838116939292e-01 2.971099107839936249e+00
1.062811549419966362e-01 2.973143612725811735e+00
9.737042607229934310e-02 2.975099836104585727e+00
8.845969720260205005e-02 2.976966433480940477e+00
7.954896833290475699e-02 2.978742060359557353e+00
7.063823946320746394e-02 2.980425372245119053e+00
6.172751059351017089e-02 2.982015024642307388e+00
5.281678172381287784e-02 2.983509673055804168e+00
4.390605285411558478e-02 2.984907972990291647e+00
3.499532398441829173e-02 2.986208579950451636e+00
2.608459511472099868e-02 2.987410149440966389e+00
1.717386624502376113e-02 2.988511336966517717e+00
8.263137375326468081e-03 2.989510798031787875e+00
-6.475914943708249716e-04 2.990407188141458672e+00
-9.558320364068118025e-03 2.991199162800212363e+00
-1.846904923376541108e-02 2.991885377512730759e+00
-2.737977810346270413e-02 2.992464487783695670e+00
-3.629050697315999718e-02 2.992935149117789795e+00
-4.520123584285729024e-02 2.993296017019694499e+00
-5.411196471255458329e-02 2.993545746994092482e+00
-6.302269358225184859e-02 2.993682994545665110e+00
-7.193342245194914164e-02 2.993706415179094638e+00
-8.084415132164643469e-02 2.993614664399062875e+00
-8.975488019134372775e-02 2.993406397710252520e+00
-9.866560906104099304e-02 2.993080270617344940e+00
-1.075763379307382861e-01 2.992634938625022389e+00
-1.164870668004355792e-01 2.992069057237967122e+00
-1.253977956701328722e-01 2.991381281960860505e+00
-1.343085245398301653e-01 2.990570268298385237e+00
-1.432192534095274583e-01 2.989634671755223128e+00
-1.521299822792247236e-01 2.988573147836055988e+00
-1.610407111489220167e-01 2.987384352045566072e+00
-1.699514400186193097e-01 2.986066939888435190e+00
-1.788621688883166028e-01 2.984619566869345597e+00
-1.877728977580138681e-01 2.983040888492979104e+00
-1.966836266277111611e-01 2.981329560264018408e+00
-2.055943554974084542e-01 2.979484237687144432e+00
-2.145050843671057472e-01 2.977503576267039875e+00
-2.234158132368030403e-01 2.975386231508386548e+00
-2.323265421065003333e-01 2.973130858915866703e+00
-2.412372709761976264e-01 2.970736113994162597e+00
-2.501479998458949194e-01 2.968200652247955595e+00
-2.590587287155922125e-01 2.965523129181927953e+00
-2.679694575852894500e-01 2.962702200300761479e+00
-2.768801864549867431e-01 2.959736521109138874e+00
-2.857909153246840361e-01 2.956624747111741502e+00
-2.947016441943813292e-01 2.953365533813251620e+00
-3.036123730640786222e-01 2.949957536718351481e+00
-3.125231019337759153e-01 2.946399411331717566e+00
-3.342820189074057757e-01 2.937661142576598383e+00
-3.555341615437440095e-01 2.928744545341498196e+00
-3.759170358334819051e-01 2.919763279949281198e+00
-3.953897441980636085e-01 2.910701629115848288e+00
-4.139174098447269134e-01 2.901538878795373755e+00
-4.314716873487499105e-01 2.892247481892793015e+00
-4.480310610954240658e-01 2.882790491699919855e+00
-4.635806200571647717e-01 2.873118007247064565e+00
-4.781106973640005253e-01 2.863162366850526830e+00
-4.916132292094959610e-01 2.852831986767387029e+00
-5.040738243214379910e-01 2.842004366700323637e+00
-5.154564145887675641e-01 2.830520508740336894e+00
-5.256767832682415209e-01 2.818186879553346902e+00
-5.345640644452045454e-01 2.804797816672904176e+00
-5.418215150548986170e-01 2.790197653877682704e+00
-5.470237616279548520e-01 2.774392626821044594e+00
-5.497073795969593668e-01 2.757672657433400065e+00
-5.495633653518934292e-01 2.740629164312788468e+00
-5.466097023452642922e-01 2.723978319491825228e+00
-5.411804455174387130e-01 2.708286120897568150e+00
-5.337426749921715396e-01 2.693810516295275459e+00
-5.247110378994832569e-01 2.680535550177843618e+00
-5.143685295149335035e-01 2.668296276341817652e+00
-5.028754103030832479e-01 2.656886261794439985e+00
-4.903095215336090718e-01 2.646114894165533471e+00
-4.767037818415621464e-01 2.635826936005758014e+00
-4.620714109260903313e-01 2.625903283869113647e+00
-4.464203675154825302e-01 2.616255056591470840e+00
-4.297607290014854864e-01 2.606816624346834477e+00
-4.121080311318152667e-01 2.597539575448503779e+00
-3.934844745173529112e-01 2.588388044618341599e+00
-3.739190763966599995e-01 2.579335269635129269e+00
-3.534473404435689581e-01 2.570361108688558716e+00
-3.321107351161022292e-01 2.561450264829085111e+00
-3.099561210113597198e-01 2.552591016714064409e+00
-2.870351905749298771e-01 2.543774307833872150e+00
-2.634039450952683215e-01 2.534993088981940978e+00
-2.391222155423331774e-01 2.526241840154882290e+00
-2.142532256160433468e-01 2.517516220373580360e+00
-1.888631922227938520e-01 2.508812809472404037e+00
-1.630209578647930091e-01 2.500128916684868141e+00
-1.367976497777648737e-01 2.491462438329413054e+00
-1.102663614296174738e-01 2.482811752108537995e+00
-8.350185288350214785e-02 2.474175639198101351e+00
-5.658026739539490091e-02 2.465553227914849543e+00
-2.957886240804308980e-02 2.456943954648230566e+00
-2.575753811869765930e-03 2.448347539162808673e+00
2.435032701958101883e-02 2.439763972487178911e+00
5.112026332628785003e-02 2.431193516528132204e+00
7.765476953916589098e-02 2.422636715382751493e+00
1.038745931315981086e-01 2.414094419152370552e+00
1.297006999611378386e-01 2.405567821976312359e+00
1.550544406940002617e-01 2.397058517097037544e+00
1.798576952151184072e-01 2.388568573163226016e+00
2.040329911575387012e-01 2.380100637837093469e+00
2.275035918434588078e-01 2.371658077326738834e+00
2.501935480617091812e-01 2.363245164044439406e+00
2.720277073430701353e-01 2.354867329678885568e+00
2.929316740323338886e-01 2.346531508265352617e+00
3.128317141209597252e-01 2.338246604358258818e+00
3.316546017667750812e-01 2.330024136592704576e+00
3.493274122033471762e-01 2.321879128705369943e+00
3.657772832414712405e-01 2.313831350824937960e+00
3.809312042410584742e-01 2.305907055648370729e+00
3.947159651729991725e-01 2.298141406567502099e+00
4.070585421035080587e-01 2.290581848367760465e+00
4.178874664718130738e-01 2.283292690043085660e+00
4.271362130121072465e-01 2.276361050592554225e+00
4.347504461845322909e-01 2.269903803952705967e+00
4.407020673537205280e-01 2.264073681163153662e+00
4.450137904851154680e-01 2.259059246314007119e+00
4.477960722117741432e-01 2.255067132954925224e+00
4.492880882716336344e-01 2.252267861671267024e+00
4.498705170783836027e-01 2.250691435019185782e+00
4.499938209972147440e-01 2.250100980642296022e+00
4.499981549028243544e-01 2.249948373684568459e+00
4.499244353265828278e-01 2.249519091944573113e+00
4.494889311440291024e-01 2.248205787181926318e+00
4.482477730004055805e-01 2.245697055112461094e+00
4.457933481859538416e-01 2.241971129385043948e+00
4.418524902415332245e-01 2.237176855504185102e+00
4.362880870707868119e-01 2.231519047621650209e+00
4.290606621268405751e-01 2.225193073310026026e+00
4.201891150695266641e-01 2.218360433119512365e+00
4.097232414446986271e-01 2.211145925726409889e+00
3.977275641027107622e-01 2.203642976331816605e+00
3.842728059409342145e-01 2.195920635515917319e+00
3.694318032295988430e-01 2.188029823648823147e+00
3.532777816925770087e-01 2.180008227940716914e+00
3.358838040713744699e-01 2.171883932821697893e+00
3.173227513101053998e-01 2.163678043897009129e+00
2.976675119215231313e-01 2.155406565868737356e+00
2.769912212760349268e-01 2.147081744585710883e+00
2.553674789502588527e-01 2.138713029251707365e+00
2.328705155736589261e-01 2.130307766314249118e+00
2.095753015098692218e-01 2.121871703385673769e+00
1.855575991927445600e-01 2.113409357893734519e+00
1.608939647337752632e-01 2.104924288628807538e+00
1.356617054718877446e-01 2.096419296892872097e+00
1.099387999407171190e-01 2.087896576011580851e+00
8.380378602337132388e-02 2.079357822440909498e+00
5.733562220545639770e-02 2.070804317817978912e+00
3.061352598330364244e-02 2.062236988546034322e+00
3.716792696797898907e-03 2.053656447505308069e+00
-2.327540265143057674e-02 2.045063020994746683e+00
-5.028421866600638057e-02 2.036456762857685288e+00
-7.723137457950660090e-02 2.027837456797961568e+00
-1.040393902436332618e-01 2.019204607050301359e+00
-1.306318388657598806e-01 2.010557416742958292e+00
-1.569336128427862853e-01 2.001894752396664590e+00
-1.828712036673798280e-01 1.993215091947758477e+00
-2.083729975721002881e-01 1.984516452348644933e+00
-2.333695893491350148e-01 1.975796291030259777e+00
-2.577941176349229369e-01 1.967051373092223443e+00
-2.815826258423227979e-01 1.958277592705804482e+00
-3.046744537461227864e-01 1.949469732420675783e+00
-3.270126652202225426e-01 1.940621137199311397e+00
-3.485445172312082729e-01 1.931723270106948886e+00
-3.692219727823713993e-01 1.922765102300546980e+00
-3.890022538262866703e-01 1.913732269432488531e+00
-4.078484148267537690e-01 1.904605897506211232e+00
-4.257298851683691265e-01 1.895360961346425288e+00
-4.426228628744532378e-01 1.885963987887971038e+00
-4.585103132899901457e-01 1.876369861672432915e+00
-4.733810819408629245e-01 1.866517460678924767e+00
-4.872271868089095292e-01 1.856323934162817713e+00
-5.000376082939490541e-01 1.845677854112233618e+00
-5.117858256266174521e-01 1.834432731592039456e+00
-5.224074132989766639e-01 1.822405420545550658e+00
-5.317651746306780725e-01 1.809389778658039738e+00
-5.396075460403771951e-01 1.795203378379775838e+00
-5.455476733482015339e-01 1.779783740760001454e+00
-5.491173607056513140e-01 1.763316233531844412e+00
-5.499320445003601510e-01 1.746301531895344761e+00
-5.478907063683143841e-01 1.729444319255182050e+00
-5.432367574376896213e-01 1.713387772810560650e+00
-5.364170608523144423e-01 1.698497184070506094e+00
-5.278783609493704621e-01 1.684835643780960179e+00
-5.179496809451145101e-01 1.672273679455700490e+00
-5.068282553888067143e-01 1.660609880214393597e+00
-4.946147216703826177e-01 1.649644753741151604e+00
-4.813535420259724140e-01 1.639210585259831099e+00
-4.670624417538951079e-01 1.629176719251049343e+00
-4.517500380439468666e-01 1.619444987270473035e+00
-4.354251806129776914e-01 1.609942743513658847e+00
-4.181013749579897687e-01 1.600616423210051709e+00
-3.997985465886990109e-01 1.591426417004504934e+00
-3.805434613906001351e-01 1.582343245967931189e+00
-3.603695133261441974e-01 1.573344789008442657e+00
-3.393162455285503309e-01 1.564414296740061161e+00
-3.174287848488035468e-01 1.555538972327239033e+00
-2.947572733229322783e-01 1.546708954770842581e+00
-2.713563313798744714e-01 1.537916586505581718e+00
-2.472845639814650054e-01 1.529155882154286772e+00
-2.226041100444918208e-01 1.520422140356661789e+00
-1.973802310490664069e-01 1.511711658151632554e+00
-1.716809333946451022e-01 1.503021519577913079e+00
-1.455766191518294839e-01 1.494349438600173885e+00
-1.191397605401988968e-01 1.485693642339384946e+00
-9.244459433696096406e-02 1.477052784700492394e+00
-6.556683330460583159e-02 1.468425883408516430e+00
-3.858339254492199749e-02 1.459812275569494444e+00
-1.157212942247090939e-02 1.451211588430828092e+00
1.538840364038881157e-02 1.442623723213276588e+00
4.221919359456796639e-02 1.434048850860060842e+00
6.884098795450516173e-02 1.425487419402230893e+00
9.517450172730400337e-02 1.416940173462286623e+00
1.211406084932180049e-01 1.408408187294487135e+00
1.466605134443935698e-01 1.399892913782120774e+00
1.716559055230067465e-01 1.391396253090825041e+00
1.960490850578434918e-01 1.382920646360171979e+00
2.197630624784878972e-01 1.374469202107751808e+00
2.427216228183300961e-01 1.366045866213396298e+00
2.648493498971514759e-01 1.357655650870525310e+00
2.860716035291265835e-01 1.349304944356118030e+00
3.063144433241081210e-01 1.341001932779801731e+00
3.255044946456041588e-01 1.332757178410854060e+00
3.435687580652961315e-01 1.324584418518592210e+00
3.604343771460598589e-01 1.316501676144917310e+00
3.760284082038566345e-01 1.308532812189780126e+00
3.902776943408651222e-01 1.300709697488292127e+00
4.031090614805026839e-01 1.293075238887539058e+00
4.144502744379064962e-01 1.285687530677906310e+00
4.242325946924013769e-01 1.278625348434803133e+00
4.323964718793854023e-01 1.271994863620576455e+00
4.389029273325468772e-01 1.265936389876153756e+00
4.437542226221617980e-01 1.260627317483947518e+00
4.470268421065694553e-01 1.256272046939384213e+00
4.489132318059705362e-01 1.253062216636812831e+00
4.497494776813288908e-01 1.251089013328342547e+00
4.499780157711980033e-01 1.250216367151049779e+00
4.499999743772192251e-01 1.249994173639857431e+00
4.499697795941189349e-01 1.249735522115954955e+00
4.497008442367685932e-01 1.248767792084592765e+00
4.487785111522455406e-01 1.246672285342073971e+00
4.467662291581767642e-01 1.243341220991927454e+00
4.433421636379453190e-01 1.238881226969307914e+00
4.383272538837919563e-01 1.233488281171602807e+00
4.316542618914582796e-01 1.227365220522349532e+00
4.233263218075927758e-01 1.220685860493824215e+00
4.133852155603258693e-01 1.213586856225999044e+00
4.018918052057630086e-01 1.206171318690956618e+00
3.889153671498589704e-01 1.198515669269571760e+00
3.745283099526943715e-01 1.190676259323420361e+00
3.588038315673834910e-01 1.182694725988879592e+00
3.418150685956388157e-01 1.174602019096803174e+00
3.236349474051455899e-01 1.166421329901154991e+00
3.043363277957945034e-01 1.158170191525613291e+00
2.839922367413398874e-01 1.149861979772217602e+00
2.626760977568712296e-01 1.141506987595809264e+00
2.404619161517397574e-01 1.133113198307776015e+00
2.174244072089471791e-01 1.124686845743037233e+00
1.936390667898059692e-01 1.116232823065579138e+00
1.691821891259160660e-01 1.107754983235360591e+00
1.441308383102875013e-01 1.099256361205093402e+00
1.185627801107241031e-01 1.090739338941437708e+00
9.255638013981135059e-02 1.082205768130216628e+00
6.619047358331855979e-02 1.073657061062584184e+00
3.954421082283981342e-02 1.065094257112294107e+00
1.269688247577584542e-02 1.056518069994527353e+00
-1.427227335830676298e-02 1.047928919362082878e+00
-4.128427951478796237e-02 1.039326949047519211e+00
-6.826064231508555125e-02 1.030712033257122684e+00
-9.512358728697703492e-02 1.022083771155405385e+00
-1.217963076427942826e-01 1.013441469456698663e+00
-1.482032256711464657e-01 1.004784111778924460e+00
-1.742702678029865726e-01 9.961103125240658995e-01
-1.999251547788170047e-01 9.874182518229080996e-01
-2.250977090878907572e-01 9.787055864782181480e-01
-2.497201826773227384e-01 9.699693296674736231e-01
-2.737276088160939258e-01 9.612056891483301557e-01
-2.970581828649971334e-01 9.524098494484745103e-01
-3.196536773493304229e-01 9.435756774348592613e-01
-3.414598967222428061e-01 9.346953218998272916e-01
-3.624271756477479567e-01 9.257586651604207129e-01
-3.825109197317508869e-01 9.167525664583893175e-01
-4.016721758662558650e-01 9.076598109925766433e-01
-4.198781939014180065e-01 8.984576423328290984e-01
-4.371028891841761688e-01 8.891157084492768981e-01
-4.533270122242667455e-01 8.795931963504790563e-01
-4.685376335210679200e-01 8.698348867921302796e-01
-4.827261854018076170e-01 8.597658906252835243e-01
-4.958836671220100412e-01 8.492850977317307759e-01
-5.079906436688567117e-01 8.382582685353098251e-01
-5.189985754688337671e-01 8.265140096219950605e-01
-5.287991017890316670e-01 8.138507180011905762e-01
-5.371830264209198624e-01 8.000699829049421341e-01
-5.438075783907722061e-01 7.850556107819157692e-01
-5.482187250126110412e-01 7.688971223546744449e-01
-5.499802895018091053e-01 7.519919724492204471e-01
-5.488796818960252066e-01 7.350018206877728666e-01
-5.450525540934308966e-01 7.186216140471120006e-01
-5.389015371029484136e-01 7.033219928630527473e-01
-5.308923746262540488e-01 6.892584439292928078e-01
-5.213991003118731982e-01 6.763508141996145140e-01
-5.106602033522347206e-01 6.644108425171093568e-01
-4.988037236467884883e-01 6.532332944489122051e-01
-4.858889328263856777e-01 6.426384433688467901e-01
-4.719399874752697177e-01 6.324835158977674121e-01
-4.569671727197568978e-01 6.226602611152184386e-01
-4.409785838028525973e-01 6.130882962888439813e-01
-4.239858815635115796e-01 6.037083347264240452e-01
-4.060067575386695493e-01 5.944766002365009516e-01
-3.870656998228850232e-01 5.853605913596112709e-01
-3.671939380639344663e-01 5.763359888508625684e-01
-3.464290266032635790e-01 5.673844345469772898e-01
-3.248142951138313084e-01 5.584919441107610849e-01
-3.023982754991360045e-01 5.496477713492571304e-01
-2.792341524587157453e-01 5.408435917812456362e-01
-2.553792549188382277e-01 5.320729118534996971e-01
-2.308945913491316504e-01 5.233306383185464261e-01
-2.058444258875988808e-01 5.146127620920849521e-01
-1.802958900641931650e-01 5.059161246789510846e-01
-1.543186246464908207e-01 4.972382447959296514e-01
-1.279844466750426901e-01 4.885771894422116235e-01
-1.013670375946436886e-01 4.799314782954633984e-01
-7.454164928027492976e-02 4.713000135783012579e-01
-4.758482560105226772e-02 4.626820298817782562e-01
-2.057413792922775653e-02 4.540770601490680125e-01
6.412066315780900680e-03 4.454849153232136594e-01
3.329490238089625326e-02 4.369056761980009140e-01
5.999517386922998546e-02 4.283396968941581839e-01
8.643358457075375756e-02 4.197876202068452911e-01
1.125309350383984358e-01 4.112504059193744510e-01
1.382083019240270549e-01 4.027293741403467631e-01
1.633871974452243969e-01 3.942262669003098741e-01
1.879897056383180165e-01 3.857433327730278028e-01
2.119385912578146403e-01 3.772834413481050975e-01
2.351573763241242843e-01 3.688502372350870306e-01
2.575703784682533137e-01 3.604483472988664339e-01
2.791027045474858137e-01 3.520836605582698953e-01
2.996801928931319137e-01 3.437637084191201842e-01
3.192292987958431638e-01 3.354981848038478542e-01
3.376769220340717914e-01 3.272996628816502440e-01
3.549501855559515362e-01 3.191845896000906624e-01
3.709761969516413571e-01 3.111746734661545721e-01
3.856818708208150648e-01 3.032988266759873430e-01
3.989939825558392328e-01 2.955958773589774657e-01
4.108398023408736943e-01 2.881183158273273870e-01
4.211489899280173588e-01 2.809373284741907839e-01
4.298580141813282962e-01 2.741491624973280694e-01
4.369192822463012771e-01 2.678821123799078330e-01
4.423182828502035813e-01 2.623014169688494546e-01
4.461023368732544570e-01 2.576050035347560718e-01
4.484206817162066927e-01 2.539958738564034868e-01
4.495611639759253264e-01 2.516116558301761397e-01
4.499414193754984748e-01 2.504062080684084091e-01
4.499990773204864958e-01 2.500357892045986241e-01
4.499905807011191916e-01 2.498708331297138929e-01
4.498402330448215691e-01 2.492017499071615960e-01
4.491870684360265709e-01 2.475084514389464529e-01
4.475810102448393168e-01 2.445851985328043598e-01
4.446541507817934336e-01 2.404819332432610313e-01
4.401816233861665650e-01 2.353766581660092783e-01
4.340636741385319186e-01 2.294758736701129065e-01
4.262841402520498035e-01 2.229649394386544192e-01
4.168746477171554332e-01 2.159928354043589294e-01
4.058912426376904969e-01 2.086731456491675574e-01
3.934011878852438082e-01 2.010904048351585538e-01
3.794762155141205295e-01 1.933069902980396881e-01
3.641894073866646653e-01 1.853689344010808204e-01
3.476139606114754255e-01 1.773103754994798109e-01
3.298228645089533728e-01 1.691568219886682989e-01
3.108889768612280169e-01 1.609275007540437730e-01
2.908852420298521091e-01 1.526370359204863025e-01
2.698849281444545833e-01 1.442966493903163894e-01
2.479618294334209605e-01 1.359150230803305437e-01
2.251904139014225814e-01 1.274989221227577352e-01
2.016459127589217137e-01 1.190536485597162020e-01
1.774043551347918024e-01 1.105833740385191721e-01
1.525425542499505571e-01 1.020913853779527591e-01
1.271380517490898199e-01 9.358026673453026523e-02
1.012690264640364324e-01 8.505203506230177291e-02
7.501417309877164707e-02 7.650824065070803426e-02
4.845255545728058277e-02 6.795004106613142247e-02
2.166343799993495495e-02 5.937825435064239543e-02
-5.273901246764287065e-03 5.079339552719146916e-02
-3.228037408478263981e-02 4.219569910221548925e-02
-5.927730011892586720e-02 3.358512918584155571e-02
-8.618663816049190740e-02 2.496137794821280675e-02
-1.129312304641029024e-01 1.632385230275293364e-02
-1.394350597613128184e-01 7.671647868286737837e-03
-1.656235196443905933e-01 -9.964916748206112396e-04
-1.914236994970865968e-01 -9.682232853907214720e-03
-2.167646858858671699e-01 -1.838773277761750202e-02
-2.415778831252209935e-01 -2.711574805019664747e-02
-2.657973566029802059e-01 -3.586978136192930933e-02
-2.893602033392704276e-01 -4.465427868403927525e-02
-3.119005661901674276e-01 -5.335544945683159956e-02
-3.157393301454701207e-01 -5.491316391852939238e-02
-3.195780941007728693e-01 -5.645896696913327295e-02
-3.234168580560755624e-01 -5.799200778153579261e-02
-3.272556220113782555e-01 -5.951143552862914188e-02
-3.310943859666809486e-01 -6.101639938330555291e-02
-3.349331499219836417e-01 -6.250604851845732723e-02
-3.387719138772863348e-01 -6.397953210697650273e-02
-3.426106778325890279e-01 -6.543599932175536704e-02
-3.464494417878917765e-01 -6.687459933568620785e-02
-3.502882057431944696e-01 -6.829448132166106300e-02
-3.541269696984972182e-01 -6.969479445257228956e-02
-3.579657336537999113e-01 -7.107468790131199476e-02
-3.618044976091026044e-01 -7.243331084077241078e-02
-3.656432615644052975e-01 -7.376981244384570036e-02
-3.694820255197079906e-01 -7.508334188342422055e-02
-3.733207894750106837e-01 -7.637304833240002311e-02
-3.771595534303134323e-01 -7.763808096366542344e-02
-3.809983173856161254e-01 -7.887758895011251492e-02
-3.848370813409188185e-01 -8.009072146463364072e-02
-3.886758452962215671e-01 -8.127662768012088035e-02
-3.925146092515242602e-01 -8.243445676946647982e-02
-3.963533732068269533e-01 -8.356335790556265741e-02
-4.001921371621296464e-01 -8.466248026130160365e-02
-4.040309011174323395e-01 -8.573097300957559230e-02
-4.078696650727350326e-01 -8.676798532327684166e-02
-4.117084290280377812e-01 -8.777266637529740345e-02
-4.155471929833404743e-01 -8.874416533852959310e-02
-4.193859569386431674e-01 -8.968163138586551786e-02
-4.232247208939459160e-01 -9.058421369019759029e-02
-4.270634848492486091e-01 -9.145106142441786212e-02
-4.309022488045513022e-01 -9.228132376141853777e-02
-4.347410127598539953e-01 -9.307414987409187712e-02
-4.385797767151566884e-01 -9.382868893533008459e-02
-4.424185406704594370e-01 -9.454409011802536456e-02
-4.462573046257621301e-01 -9.521950259506981040e-02
-4.500960685810648232e-01 -9.585407553935584857e-02
-4.539348325363675163e-01 -9.644695812377543365e-02
-4.577735964916702649e-01 -9.699729952122101984e-02
-4.616123604469729580e-01 -9.750424890458464500e-02
-4.654511244022756511e-01 -9.796695544675856904e-02
-4.692898883575783442e-01 -9.838456832063505186e-02
-4.731286523128810373e-01 -9.875623669910610358e-02
-4.769674162681837859e-01 -9.908110975506415063e-02
-4.808061802234864790e-01 -9.935833666140134190e-02
-4.846449441787891721e-01 -9.958706659100985403e-02
-4.884837081340918652e-01 -9.976644871678189141e-02
-4.923224720893946138e-01 -9.989563221160960294e-02
-4.961612360446973069e-01 -9.997376624838538728e-02
-5.000000000000000000e-01 -9.999999999999997780e-02
-5.204081632653061451e-01 -9.999999999999997780e-02
-5.408163265306122902e-01 -9.999999999999997780e-02
-5.612244897959184353e-01 -9.999999999999997780e-02
-5.816326530612245804e-01 -9.999999999999997780e-02
-6.020408163265307255e-01 -9.999999999999997780e-02
-6.224489795918367596e-01 -9.999999999999997780e-02
-6.428571428571429047e-01 -9.999999999999997780e-02
-6.632653061224490498e-01 -9.999999999999997780e-02
-6.836734693877551949e-01 -9.999999999999997780e-02
-7.040816326530613400e-01 -9.999999999999997780e-02
-7.244897959183673741e-01 -9.999999999999997780e-02
-7.448979591836735192e-01 -9.999999999999997780e-02
-7.653061224489796643e-01 -9.999999999999997780e-02
-7.857142857142858094e-01 -9.999999999999997780e-02
-8.061224489795918435e-01 -9.999999999999997780e-02
-8.265306122448979886e-01 -9.999999999999997780e-02
-8.469387755102041337e-01 -9.999999999999997780e-02
-8.673469387755102789e-01 -9.999999999999997780e-02
-8.877551020408164240e-01 -9.999999999999997780e-02
-9.081632653061224580e-01 -9.999999999999997780e-02
-9.285714285714286031e-01 -9.999999999999997780e-02
-9.489795918367347483e-01 -9.999999999999997780e-02
-9.693877551020408934e-01 -9.999999999999997780e-02
-9.897959183673469274e-01 -9.999999999999997780e-02
-1.010204081632652962e+00 -9.999999999999997780e-02
-1.030612244897959329e+00 -9.999999999999997780e-02
-1.051020408163265252e+00 -9.999999999999997780e-02
-1.071428571428571397e+00 -9.999999999999997780e-02
-1.091836734693877542e+00 -9.999999999999997780e-02
-1.112244897959183687e+00 -9.999999999999997780e-02
-1.132653061224489832e+00 -9.999999999999997780e-02
-1.153061224489795977e+00 -9.999999999999997780e-02
-1.173469387755102122e+00 -9.999999999999997780e-02
-1.193877551020408267e+00 -9.999999999999997780e-02
-1.214285714285714413e+00 -9.999999999999997780e-02
-1.234693877551020336e+00 -9.999999999999997780e-02
-1.255102040816326481e+00 -9.999999999999997780e-02
-1.275510204081632626e+00 -9.999999999999997780e-02
-1.295918367346938771e+00 -9.999999999999997780e-02
-1.316326530612244916e+00 -9.999999999999997780e-02
-1.336734693877551061e+00 -9.999999999999997780e-02
-1.357142857142857206e+00 -9.999999999999997780e-02
-1.377551020408163351e+00 -9.999999999999997780e-02
-1.397959183673469497e+00 -9.999999999999997780e-02
-1.418367346938775420e+00 -9.999999999999997780e-02
-1.438775510204081565e+00 -9.999999999999997780e-02
-1.459183673469387710e+00 -9.999999999999997780e-02
-1.479591836734693855e+00 -9.999999999999997780e-02
-1.500000000000000000e+00 -9.999999999999997780e-02
-1.507215375318230022e+00 -9.278462468176990052e-02
-1.514430750636460044e+00 -8.556924936353982325e-02
-1.521646125954690287e+00 -7.835387404530974598e-02
-1.528861501272920309e+00 -7.113849872707966870e-02
-1.536076876591150331e+00 -6.392312340884959143e-02
-1.543292251909380353e+00 -5.670774809061952110e-02
-1.550507627227610596e+00 -4.949237277238944382e-02
-1.557723002545840618e+00 -4.227699745415936655e-02
-1.564938377864070640e+00 -3.506162213592929622e-02
-1.572153753182300662e+00 -2.784624681769921895e-02
-1.579369128500530906e+00 -2.063087149946914167e-02
-1.586584503818760927e+00 -1.341549618123906440e-02
-1.593799879136990949e+00 -6.200120863008987127e-03
-1.601015254455220971e+00 1.015254455221090146e-03
-1.608230629773451215e+00 8.230629773451167419e-03
-1.615446005091681236e+00 1.544600509168124469e-02
-1.622661380409911258e+00 2.266138040991132196e-02
-1.629876755728141280e+00 2.987675572814138536e-02
-1.637092131046371524e+00 3.709213104637146263e-02
-1.644307506364601545e+00 4.430750636460153991e-02
-1.651522881682831567e+00 5.152288168283161718e-02
-1.658738257001061589e+00 5.873825700106169445e-02
-1.665953632319291833e+00 6.595363231929177172e-02
-1.673169007637521855e+00 7.316900763752184900e-02
-1.680384382955751876e+00 8.038438295575192627e-02
-1.687599758273981898e+00 8.759975827398200354e-02
-1.694815133592212142e+00 9.481513359221208082e-02
-1.702030508910442164e+00 1.020305089104421581e-01
-1.709245884228672185e+00 1.092458842286722354e-01
-1.716461259546902207e+00 1.164612595469023126e-01
-1.723676634865132451e+00 1.236766348651323899e-01
-1.730892010183362473e+00 1.308920101833624672e-01
-1.738107385501592494e+00 1.381073855015925445e-01
-1.745322760819822516e+00 1.453227608198226217e-01
-1.752538136138052760e+00 1.525381361380526712e-01
-1.759753511456282782e+00 1.597535114562827485e-01
-1.766968886774512804e+00 1.669688867745128258e-01
-1.774184262092742825e+00 1.741842620927429031e-01
-1.781399637410972847e+00 1.813996374109729803e-01
-1.788615012729203091e+00 1.886150127292030576e-01
-1.795830388047433113e+00 1.958303880474331349e-01
-1.803045763365663134e+00 2.030457633656632122e-01
-1.810261138683893378e+00 2.102611386838932894e-01
-1.817476514002123400e+00 2.174765140021233667e-01
-1.824691889320353422e+00 2.246918893203534440e-01
-1.831907264638583444e+00 2.319072646385835212e-01
-1.839122639956813465e+00 2.391226399568135985e-01
-1.846338015275043709e+00 2.463380152750436758e-01
-1.853553390593273731e+00 2.535533905932737531e-01
